1752657075975 0.73678058385849 0
1752657075992 0.7146295309066772 1
1752657076008 0.7156256437301636 2
1752657076024 0.7516345381736755 3
1752657076040 0.6457878947257996 4
1752657076055 0.6844204664230347 5
1752657076070 0.6727985739707947 6
1752657076085 0.7049140930175781 7
1752657076100 0.6741842031478882 8
1752657076116 0.6366653442382812 9
1752657076133 0.6567208170890808 10
1752657076154 0.6514329314231873 11
1752657076172 0.6834368705749512 12
1752657076192 0.6221985220909119 13
1752657076211 0.6426196098327637 14
1752657076236 0.5636927485466003 15
1752657076256 0.6405900120735168 16
1752657076276 0.5599883198738098 17
1752657076293 0.5697622299194336 18
1752657076310 0.5837604999542236 19
1752657076328 0.5654411911964417 20
1752657076349 0.6141484379768372 21
1752657076368 0.5870037078857422 22
1752657076385 0.6152752637863159 23
1752657076402 0.5927091836929321 24
1752657076420 0.5005460381507874 25
1752657076438 0.4866415560245514 26
1752657076455 0.5249428153038025 27
1752657076473 0.5099878907203674 28
1752657076490 0.5457667112350464 29
1752657076509 0.5357330441474915 30
1752657076530 0.5061396956443787 31
1752657076548 0.5166030526161194 32
1752657076566 0.46032747626304626 33
1752657076584 0.511667788028717 34
1752657076602 0.4317072331905365 35
1752657076622 0.41271162033081055 36
1752657076643 0.45779359340667725 37
1752657076664 0.44012579321861267 38
1752657076687 0.49109092354774475 39
1752657076713 0.43374282121658325 40
1752657076737 0.4758039712905884 41
1752657076760 0.43347230553627014 42
1752657076785 0.4928688704967499 43
1752657076808 0.3903951048851013 44
1752657076832 0.4355027973651886 45
1752657076855 0.44121572375297546 46
1752657076877 0.4078817665576935 47
1752657076901 0.40649473667144775 48
1752657076923 0.4681037962436676 49
1752657076946 0.42050713300704956 50
1752657076966 0.38298678398132324 51
1752657076988 0.4068869948387146 52
1752657077009 0.40084123611450195 53
1752657077030 0.3825971484184265 54
1752657077050 0.4031718373298645 55
1752657077071 0.38343435525894165 56
1752657077093 0.4149234890937805 57
1752657077125 0.38121238350868225 58
1752657077146 0.3960828483104706 59
1752657077170 0.3108416795730591 60
1752657077192 0.39013800024986267 61
1752657077214 0.33990901708602905 62
1752657077235 0.4226527214050293 63
1752657077257 0.40286558866500854 64
1752657077279 0.3238994777202606 65
1752657077299 0.3684939742088318 66
1752657077320 0.3719562888145447 67
1752657077341 0.317253053188324 68
1752657077362 0.32835134863853455 69
1752657077384 0.3318176865577698 70
1752657077407 0.3661562502384186 71
1752657077428 0.34023529291152954 72
1752657077449 0.3033450245857239 73
1752657077471 0.35844141244888306 74
1752657077493 0.3211648762226105 75
1752657077515 0.2960302531719208 76
1752657077538 0.3301578760147095 77
1752657077560 0.36190399527549744 78
1752657077582 0.31954261660575867 79
1752657077604 0.3285067677497864 80
1752657077627 0.32780396938323975 81
1752657077647 0.30279624462127686 82
1752657077670 0.26687419414520264 83
1752657077690 0.3306960165500641 84
1752657077712 0.31308645009994507 85
1752657077733 0.32565009593963623 86
1752657077756 0.2724860608577728 87
1752657077777 0.3270590305328369 88
1752657077798 0.294782429933548 89
1752657077823 0.2729623317718506 90
1752657077843 0.2870729863643646 91
1752657077865 0.2798462510108948 92
1752657077885 0.3087807297706604 93
1752657077905 0.25695058703422546 94
1752657077927 0.25962066650390625 95
1752657077947 0.2699994444847107 96
1752657077967 0.2775365114212036 97
1752657077989 0.2793935537338257 98
1752657078009 0.2529861629009247 99
1752657078030 0.311890572309494 100
1752657078054 0.27701741456985474 101
1752657078075 0.27741989493370056 102
1752657078097 0.27173590660095215 103
1752657078117 0.23209117352962494 104
1752657078139 0.2796939015388489 105
1752657078161 0.2792450487613678 106
1752657078181 0.3073623478412628 107
1752657078203 0.2324463278055191 108
1752657078226 0.2237272560596466 109
1752657078249 0.21840807795524597 110
1752657078270 0.26682621240615845 111
1752657078292 0.27404358983039856 112
1752657078314 0.2660425007343292 113
1752657078337 0.2766698896884918 114
1752657078419 0.2741950750350952 115
1752657078510 0.22428135573863983 116
1752657078563 0.24169208109378815 117
1752657078595 0.253750205039978 118
1752657078620 0.23062197864055634 119
1752657078646 0.22589211165905 120
1752657078671 0.21419067680835724 121
1752657078696 0.2206001728773117 122
1752657078719 0.23070038855075836 123
1752657078743 0.26263394951820374 124
1752657078767 0.21886925399303436 125
1752657078790 0.22176288068294525 126
1752657078813 0.20772826671600342 127
1752657078833 0.24367569386959076 128
1752657078854 0.22471225261688232 129
1752657078877 0.23169419169425964 130
1752657078898 0.1836516112089157 131
1752657078919 0.18611223995685577 132
1752657078939 0.22304478287696838 133
1752657078959 0.2316780537366867 134
1752657078979 0.22804367542266846 135
1752657078999 0.1771831214427948 136
1752657079019 0.2559259533882141 137
1752657079039 0.2757311463356018 138
1752657079059 0.21689845621585846 139
1752657079081 0.22160400450229645 140
1752657079102 0.2445746213197708 141
1752657079125 0.2390022724866867 142
1752657079145 0.21668869256973267 143
1752657079166 0.18171532452106476 144
1752657079246 0.22000831365585327 145
1752657079284 0.23541858792304993 146
1752657079309 0.2175474613904953 147
1752657079333 0.1816595047712326 148
1752657079356 0.18767309188842773 149
1752657079382 0.19431082904338837 150
1752657079406 0.2149018794298172 151
1752657079430 0.17689503729343414 152
1752657079452 0.1710977554321289 153
1752657079472 0.17826300859451294 154
1752657079493 0.21593372523784637 155
1752657079514 0.19831015169620514 156
1752657079534 0.19506408274173737 157
1752657079554 0.16401226818561554 158
1752657079574 0.21625949442386627 159
1752657079595 0.22339454293251038 160
1752657079616 0.17211930453777313 161
1752657079639 0.18329812586307526 162
1752657079660 0.20215417444705963 163
1752657079681 0.20517295598983765 164
1752657079702 0.17966246604919434 165
1752657079724 0.17267413437366486 166
1752657079745 0.19601941108703613 167
1752657079766 0.19903159141540527 168
1752657079788 0.1985030323266983 169
1752657079810 0.20729617774486542 170
1752657079830 0.18320561945438385 171
1752657079853 0.1847548633813858 172
1752657079873 0.18523719906806946 173
1752657079894 0.1516483724117279 174
1752657079914 0.1788051873445511 175
1752657079935 0.17798718810081482 176
1752657079957 0.1626155525445938 177
1752657079977 0.18486788868904114 178
1752657079997 0.1902458369731903 179
1752657080019 0.16191275417804718 180
1752657080041 0.16904295980930328 181
1752657080061 0.19575397670269012 182
1752657080083 0.20037062466144562 183
1752657080104 0.18328823149204254 184
1752657080124 0.14186084270477295 185
1752657080146 0.1747426986694336 186
1752657080168 0.16005907952785492 187
1752657080188 0.14299960434436798 188
1752657080210 0.15037907660007477 189
1752657080232 0.17352324724197388 190
1752657080254 0.1699352264404297 191
1752657080275 0.15314872562885284 192
1752657080295 0.19183659553527832 193
1752657080317 0.16229674220085144 194
1752657080340 0.1739906668663025 195
1752657080360 0.18415085971355438 196
1752657080380 0.1460593193769455 197
1752657080400 0.17097337543964386 198
1752657080422 0.18586696684360504 199
