1752659682321 0.7545610070228577 0
1752659682332 0.7414625287055969 1
1752659682341 0.7286340594291687 2
1752659682350 0.7160497903823853 3
1752659682359 0.7036824822425842 4
1752659682372 0.6915125250816345 5
1752659682383 0.6795213222503662 6
1752659682392 0.6676889061927795 7
1752659682398 0.6559943556785583 8
1752659682404 0.6444165110588074 9
1752659682411 0.6329342126846313 10
1752659682421 0.6215261220932007 11
1752659682428 0.6101707220077515 12
1752659682435 0.5988466143608093 13
1752659682441 0.5875325798988342 14
1752659682448 0.5762080550193787 15
1752659682455 0.5648536086082458 16
1752659682461 0.5534506440162659 17
1752659682467 0.541982114315033 18
1752659682473 0.5304325819015503 19
1752659682480 0.5187884569168091 20
1752659682488 0.507038414478302 21
1752659682495 0.4951728284358978 22
1752659682503 0.4831846356391907 23
1752659682511 0.47106900811195374 24
1752659682519 0.4588233232498169 25
1752659682527 0.4464476704597473 26
1752659682535 0.43394458293914795 27
1752659682543 0.4213191568851471 28
1752659682551 0.40857934951782227 29
1752659682560 0.39573532342910767 30
1752659682572 0.38280007243156433 31
1752659682584 0.3697887063026428 32
1752659682597 0.3567187786102295 33
1752659682608 0.3436097800731659 34
1752659682620 0.33048325777053833 35
1752659682631 0.31736254692077637 36
1752659682642 0.30427297949790955 37
1752659682653 0.29124167561531067 38
1752659682665 0.27829790115356445 39
1752659682677 0.265472948551178 40
1752659682689 0.2528001666069031 41
1752659682701 0.24031488597393036 42
1752659682711 0.22805394232273102 43
1752659682722 0.21605542302131653 44
1752659682732 0.2043578326702118 45
1752659682742 0.19299918413162231 46
1752659682752 0.18201611936092377 47
1752659682764 0.1714426726102829 48
1752659682774 0.16130907833576202 49
1752659682788 0.15164048969745636 50
1752659682800 0.14245612919330597 51
1752659682811 0.13376857340335846 52
1752659682822 0.1255834400653839 53
1752659682830 0.11789941042661667 54
1752659682839 0.11070876568555832 55
1752659682847 0.10399817675352097 56
1752659682855 0.09774988889694214 57
1752659682864 0.09194299578666687 58
1752659682873 0.08655475080013275 59
1752659682882 0.08156157284975052 60
1752659682894 0.0769396722316742 61
1752659682903 0.07266508042812347 62
1752659682912 0.06871315091848373 63
1752659682920 0.06505774706602097 64
1752659682928 0.061670757830142975 65
1752659682937 0.058522410690784454 66
1752659682946 0.055582839995622635 67
1752659682954 0.05282540246844292 68
1752659682961 0.05023064464330673 69
1752659682969 0.047790177166461945 70
1752659682978 0.04550876468420029 71
1752659682985 0.04340352490544319 72
1752659682992 0.04149951785802841 73
1752659682999 0.039822280406951904 74
1752659683006 0.03838876262307167 75
1752659683012 0.03719937428832054 76
1752659683019 0.03623396158218384 77
1752659683025 0.035454198718070984 78
1752659683032 0.03481230139732361 79
1752659683039 0.03426321968436241 80
1752659683047 0.033775489777326584 81
1752659683055 0.03333617001771927 82
1752659683062 0.03294842690229416 83
1752659683071 0.03262309730052948 84
1752659683077 0.03236830607056618 85
1752659683084 0.0321812704205513 86
1752659683091 0.032046303153038025 87
1752659683098 0.03193948417901993 88
1752659683105 0.031837668269872665 89
1752659683113 0.03172661364078522 90
1752659683123 0.0316043384373188 91
1752659683130 0.03147849813103676 92
1752659683138 0.03144069388508797 93
1752659683146 0.03140217810869217 94
1752659683154 0.03136402741074562 95
1752659683161 0.03132704272866249 96
1752659683168 0.03129173815250397 97
1752659683175 0.03125831112265587 98
1752659683182 0.031226711347699165 99
1752659683189 0.031196700409054756 100
1752659683198 0.031167935580015182 101
1752659683206 0.031140068545937538 102
1752659683214 0.031112782657146454 103
1752659683222 0.03108585625886917 104
1752659683228 0.031059198081493378 105
1752659683235 0.03103283978998661 106
1752659683242 0.031006889417767525 107
1752659683250 0.03098154067993164 108
1752659683257 0.030957026407122612 109
1752659683265 0.030933573842048645 110
1752659683274 0.030911371111869812 111
1752659683282 0.030890557914972305 112
1752659683290 0.030871210619807243 113
1752659683297 0.030853332951664925 114
1752659683304 0.030836869031190872 115
1752659683311 0.03082171082496643 116
1752659683318 0.030807722359895706 117
1752659683325 0.030794747173786163 118
1752659683334 0.030782625079154968 119
1752659683341 0.030771225690841675 120
1752659683349 0.030760418623685837 121
1752659683357 0.030750107020139694 122
1752659683364 0.03074021078646183 123
1752659683373 0.030730681493878365 124
1752659683380 0.030721478164196014 125
1752659683387 0.030712556093931198 126
1752659683396 0.03070390224456787 127
1752659683404 0.030695464462041855 128
1752659683412 0.03068721480667591 129
1752659683419 0.030679095536470413 130
1752659683427 0.03067106194794178 131
1752659683435 0.03066864237189293 132
1752659683445 0.03066619485616684 133
1752659683454 0.030663711950182915 134
1752659683478 0.030661195516586304 135
1752659683496 0.03065863624215126 136
1752659683504 0.030656035989522934 137
1752659683511 0.03065524622797966 138
1752659683519 0.030654437839984894 139
1752659683527 0.03065362013876438 140
1752659683537 0.030652781948447227 141
1752659683545 0.030651940032839775 142
1752659683556 0.030651075765490532 143
1752659683564 0.030650820583105087 144
1752659683572 0.030650557950139046 145
1752659683580 0.030650291591882706 146
1752659683589 0.03065001778304577 147
1752659683597 0.030649743974208832 148
1752659683605 0.030649468302726746 149
1752659683613 0.03064938448369503 150
1752659683622 0.030649298802018166 151
1752659683630 0.03064921498298645 152
1752659683638 0.030649127438664436 153
1752659683646 0.030649039894342422 154
1752659683657 0.03064894862473011 155
1752659683667 0.030648915097117424 156
1752659683676 0.03064887970685959 157
1752659683686 0.030648844316601753 158
1752659683696 0.03064880333840847 159
1752659683706 0.030648760497570038 160
1752659683717 0.0306487288326025 161
1752659683727 0.030648689717054367 162
1752659683735 0.03064865618944168 163
1752659683743 0.03064861334860325 164
1752659683753 0.030648572370409966 165
1752659683762 0.03064853325486183 166
1752659683773 0.0306484904140234 167
1752659683781 0.030648453161120415 168
1752659683788 0.03064841218292713 169
1752659683795 0.030648374930024147 170
1752659683804 0.030648332089185715 171
1752659683812 0.03064829297363758 172
1752659683820 0.030648251995444298 173
1752659683827 0.030648212879896164 174
1752659683835 0.030648168176412582 175
1752659683842 0.03064812906086445 176
1752659683850 0.030648088082671165 177
1752659683857 0.030648045241832733 178
1752659683864 0.03064800053834915 179
1752659683873 0.030647961422801018 180
1752659683882 0.030647916719317436 181
1752659683892 0.030647875741124153 182
1752659683901 0.03064783103764057 183
1752659683908 0.03064778819680214 184
1752659683916 0.030647743493318558 185
1752659683925 0.030647702515125275 186
1752659683932 0.030647659674286842 187
1752659683939 0.03064761497080326 188
1752659683946 0.03064756840467453 189
1752659683955 0.03064752370119095 190
1752659683963 0.030647478997707367 191
1752659683972 0.030647434294223785 192
1752659683981 0.030647389590740204 193
1752659683990 0.03064734674990177 194
1752659684000 0.03064729832112789 195
1752659684009 0.03064725175499916 196
1752659684018 0.03064720705151558 197
1752659684025 0.03064716048538685 198
1752659684032 0.03064711019396782 199
