1752746933115 0.7204941511154175 0
1752746933122 0.7074483036994934 1
1752746933128 0.6944783329963684 2
1752746933134 0.6815652847290039 3
1752746933140 0.6686859130859375 4
1752746933146 0.6558187007904053 5
1752746933152 0.6429405808448792 6
1752746933158 0.6300279498100281 7
1752746933164 0.6170583367347717 8
1752746933170 0.6040112972259521 9
1752746933175 0.5908692479133606 10
1752746933182 0.5776167511940002 11
1752746933188 0.5642408728599548 12
1752746933195 0.5507305860519409 13
1752746933201 0.5370779037475586 14
1752746933207 0.5232768654823303 15
1752746933214 0.5093247890472412 16
1752746933221 0.4952220916748047 17
1752746933228 0.4809720814228058 18
1752746933235 0.4665818214416504 19
1752746933249 0.45206212997436523 20
1752746933260 0.4374280273914337 21
1752746933269 0.42269864678382874 22
1752746933276 0.40789762139320374 23
1752746933283 0.39305293560028076 24
1752746933302 0.3781965970993042 25
1752746933309 0.36336469650268555 26
1752746933316 0.3485967218875885 27
1752746933322 0.33393511176109314 28
1752746933329 0.31942474842071533 29
1752746933335 0.3051123023033142 30
1752746933342 0.2910451292991638 31
1752746933349 0.2772709131240845 32
1752746933355 0.2638362646102905 33
1752746933361 0.25078582763671875 34
1752746933367 0.2381610870361328 35
1752746933373 0.22599929571151733 36
1752746933380 0.21433213353157043 37
1752746933386 0.203184574842453 38
1752746933393 0.19257384538650513 39
1752746933400 0.18250860273838043 40
1752746933411 0.17298834025859833 41
1752746933420 0.16400331258773804 42
1752746933429 0.1555347740650177 43
1752746933437 0.14755554497241974 44
1752746933446 0.14003099501132965 45
1752746933455 0.13292020559310913 46
1752746933463 0.126177579164505 47
1752746933471 0.11975466459989548 48
1752746933480 0.11360222846269608 49
1752746933490 0.10767243802547455 50
1752746933504 0.1019212082028389 51
1752746933522 0.09631029516458511 52
1752746933545 0.09080976992845535 53
1752746933565 0.08540009707212448 54
1752746933579 0.08007475733757019 55
1752746933590 0.07484245300292969 56
1752746933602 0.0697292760014534 57
1752746933613 0.06477998942136765 58
1752746933623 0.06005705147981644 59
1752746933636 0.0556354895234108 60
1752746933646 0.05159105733036995 61
1752746933655 0.04798058420419693 62
1752746933666 0.04481838643550873 63
1752746933675 0.04206196591258049 64
1752746933683 0.03962736576795578 65
1752746933691 0.03744277358055115 66
1752746933699 0.03551330417394638 67
1752746933707 0.033942874521017075 68
1752746933715 0.03287561610341072 69
1752746933723 0.03236951306462288 70
1752746933732 0.032284535467624664 71
1752746933741 0.03232833370566368 72
1752746933749 0.03226298466324806 73
1752746933756 0.032044172286987305 74
1752746933764 0.03178839758038521 75
1752746933772 0.03164469823241234 76
1752746933780 0.03166709467768669 77
1752746933788 0.03176839277148247 78
1752746933795 0.03179643303155899 79
1752746933803 0.03166408836841583 80
1752746933814 0.03140360116958618 81
1752746933822 0.031245112419128418 82
1752746933831 0.0310770645737648 83
1752746933839 0.030917774885892868 84
1752746933846 0.03077308088541031 85
1752746933853 0.030638081952929497 86
1752746933859 0.03050229325890541 87
1752746933866 0.030427489429712296 88
1752746933872 0.03034290298819542 89
1752746933879 0.030249420553445816 90
1752746933887 0.030149120837450027 91
1752746933894 0.03004475124180317 92
1752746933902 0.029939260333776474 93
1752746933909 0.02988656610250473 94
1752746933915 0.029833968728780746 95
1752746933923 0.029782000929117203 96
1752746933931 0.029731085523962975 97
1752746933938 0.029681501910090446 98
1752746933945 0.029633421450853348 99
1752746933952 0.02960994280874729 100
1752746933960 0.02958681806921959 101
1752746933969 0.029564030468463898 102
1752746933977 0.029541566967964172 103
1752746933984 0.02951940894126892 104
1752746933991 0.02949754148721695 105
1752746933998 0.029486706480383873 106
1752746934004 0.02947593294084072 107
1752746934012 0.0294652096927166 108
1752746934019 0.029454538598656654 109
1752746934028 0.02944391779601574 110
1752746934037 0.029433339834213257 111
1752746934045 0.029428068548440933 112
1752746934053 0.029422808438539505 113
1752746934061 0.029417553916573524 114
1752746934068 0.02941230684518814 115
1752746934075 0.029407072812318802 116
1752746934093 0.02940184250473976 117
1752746934100 0.029399225488305092 118
1752746934107 0.02939661405980587 119
1752746934115 0.0293940007686615 120
1752746934123 0.029391389340162277 121
1752746934132 0.029388777911663055 122
1752746934141 0.029386164620518684 123
1752746934148 0.029384862631559372 124
1752746934155 0.029383553192019463 125
1752746934164 0.029382240027189255 126
1752746934172 0.029380930587649345 127
1752746934180 0.029379623010754585 128
1752746934188 0.029378307983279228 129
1752746934198 0.02937764674425125 130
1752746934207 0.029376991093158722 131
1752746934217 0.029376329854130745 132
1752746934224 0.029375670477747917 133
1752746934233 0.02937500737607479 134
1752746934241 0.029374342411756516 135
1752746934252 0.029374010860919952 136
1752746934259 0.029373662546277046 137
1752746934268 0.029373321682214737 138
1752746934276 0.029372982680797577 139
1752746934283 0.02937263436615467 140
1752746934292 0.029372291639447212 141
1752746934301 0.029371950775384903 142
1752746934308 0.029371606186032295 143
1752746934315 0.02937125973403454 144
1752746934322 0.029370911419391632 145
1752746934329 0.029370566830039024 146
1752746934335 0.02937021479010582 147
1752746934343 0.029369868338108063 148
1752746934351 0.029369518160820007 149
1752746934359 0.029369166120886803 150
1752746934367 0.029368814080953598 151
1752746934374 0.029368463903665543 152
1752746934381 0.02936811000108719 153
1752746934388 0.029367756098508835 154
1752746934396 0.02936740219593048 155
1752746934403 0.029367046430706978 156
1752746934410 0.029366692528128624 157
1752746934418 0.02936633676290512 158
1752746934425 0.02936597913503647 159
1752746934432 0.029365621507167816 160
1752746934443 0.029365262016654015 161
1752746934451 0.029364900663495064 162
1752746934459 0.029364541172981262 163
1752746934467 0.029364177957177162 164
1752746934474 0.02936381846666336 165
1752746934481 0.02936345711350441 166
1752746934489 0.029363099485635757 167
1752746934496 0.02936272881925106 168
1752746934503 0.02936236560344696 169
1752746934511 0.02936200238764286 170
1752746934520 0.029361635446548462 171
1752746934528 0.029361268505454063 172
1752746934536 0.029360897839069366 173
1752746934544 0.029360532760620117 174
1752746934551 0.02936016395688057 175
1752746934558 0.02935979701578617 176
1752746934566 0.029359426349401474 177
1752746934572 0.029359053820371628 178
1752746934579 0.02935868315398693 179
1752746934587 0.029358312487602234 180
1752746934595 0.02935793623328209 181
1752746934603 0.029357563704252243 182
1752746934610 0.0293571874499321 183
1752746934618 0.029356813058257103 184
1752746934625 0.029356440529227257 185
1752746934632 0.029356064274907112 186
1752746934640 0.02935568429529667 187
1752746934646 0.029355308040976524 188
1752746934653 0.02935493178665638 189
1752746934661 0.029354555532336235 190
1752746934669 0.029354171827435493 191
1752746934676 0.0293537937104702 192
1752746934684 0.029353411868214607 193
1752746934692 0.029353030025959015 194
1752746934699 0.029352648183703423 195
1752746934707 0.02935226447880268 196
1752746934715 0.02935188263654709 197
1752746934723 0.029351498931646347 198
1752746934731 0.029351113364100456 199
