1753630040198 2.539806842803955 0
1753630040206 2.4971330165863037 1
1753630040216 2.4553451538085938 2
1753630040224 2.4143199920654297 3
1753630040232 2.3738977909088135 4
1753630040240 2.3338968753814697 5
1753630040249 2.294138193130493 6
1753630040257 2.254462957382202 7
1753630040264 2.214723825454712 8
1753630040272 2.174781084060669 9
1753630040279 2.134497880935669 10
1753630040287 2.0937399864196777 11
1753630040295 2.052375316619873 12
1753630040303 2.010272979736328 13
1753630040311 1.9673041105270386 14
1753630040318 1.9233394861221313 15
1753630040326 1.8782545328140259 16
1753630040332 1.8319268226623535 17
1753630040340 1.7842397689819336 18
1753630040347 1.7350845336914062 19
1753630040354 1.6843630075454712 20
1753630040361 1.631989598274231 21
1753630040369 1.577895164489746 22
1753630040377 1.5220283269882202 23
1753630040384 1.4643611907958984 24
1753630040391 1.404891014099121 25
1753630040398 1.3436440229415894 26
1753630040406 1.2806802988052368 27
1753630040413 1.2160965204238892 28
1753630040420 1.150030255317688 29
1753630040428 1.0826632976531982 30
1753630040435 1.0142247676849365 31
1753630040443 0.9449923634529114 32
1753630040451 0.8752937316894531 33
1753630040458 0.805505096912384 34
1753630040465 0.736048698425293 35
1753630040473 0.6673876643180847 36
1753630040480 0.6000185012817383 37
1753630040487 0.5344614386558533 38
1753630040495 0.4712466299533844 39
1753630040502 0.4108993113040924 40
1753630040510 0.35392215847969055 41
1753630040517 0.30077752470970154 42
1753630040525 0.25186800956726074 43
1753630040533 0.20751957595348358 44
1753630040541 0.16796641051769257 45
1753630040548 0.13333940505981445 46
1753630040556 0.10365869849920273 47
1753630040563 0.07883203774690628 48
1753630040571 0.05865724757313728 49
1753630040579 0.04283009469509125 50
1753630040590 0.03095625340938568 51
1753630040598 0.02256748639047146 52
1753630040606 0.017141444608569145 53
1753630040615 0.014124843291938305 54
1753630040623 0.012958813458681107 55
1753630040632 0.013105508871376514 56
1753630040639 0.014073282480239868 57
1753630040646 0.015437682159245014 58
1753630040654 0.01685568504035473 59
1753630040661 0.017417103052139282 60
1753630040670 0.017738960683345795 61
1753630040678 0.017814332619309425 62
1753630040686 0.01765025593340397 63
1753630040694 0.017263973131775856 64
1753630040702 0.016680052503943443 65
1753630040711 0.016299238428473473 66
1753630040721 0.01583818532526493 67
1753630040729 0.015309552662074566 68
1753630040737 0.014725513756275177 69
1753630040745 0.01409760769456625 70
1753630040753 0.013436670415103436 71
1753630040761 0.013092112727463245 72
1753630040771 0.012734404765069485 73
1753630040781 0.012366492301225662 74
1753630040789 0.011991068720817566 75
1753630040800 0.011610578745603561 76
1753630040809 0.011227153241634369 77
1753630040817 0.01103410217911005 78
1753630040824 0.010839399881660938 79
1753630040832 0.010643593035638332 80
1753630040843 0.0104471854865551 81
1753630040852 0.010250593535602093 82
1753630040861 0.010054216720163822 83
1753630040869 0.009956063702702522 84
1753630040876 0.00985778123140335 85
1753630040884 0.009759481064975262 86
1753630040892 0.009661205112934113 87
1753630040899 0.009563070721924305 88
1753630040907 0.00946511048823595 89
1753630040914 0.00941616389900446 90
1753630040922 0.00936722382903099 91
1753630040930 0.00931832380592823 92
1753630040938 0.009269438683986664 93
1753630040946 0.009220588020980358 94
1753630040954 0.009171788580715656 95
1753630040961 0.009147414937615395 96
1753630040969 0.009123009629547596 97
1753630040982 0.009098635986447334 98
1753630040990 0.009074236266314983 99
1753630040998 0.009049846790730953 100
1753630041006 0.00902543868869543 101
1753630041014 0.009013213217258453 102
1753630041024 0.009000979363918304 103
1753630041032 0.008988738991320133 104
1753630041040 0.008976471610367298 105
1753630041048 0.008964224718511105 106
1753630041056 0.008951941505074501 107
1753630041064 0.008945812471210957 108
1753630041073 0.008939686231315136 109
1753630041081 0.008933535777032375 110
1753630041089 0.008927385322749615 111
1753630041098 0.008921223692595959 112
1753630041106 0.008915059268474579 113
1753630041114 0.00891189370304346 114
1753630041122 0.008908714167773724 115
1753630041130 0.008905555121600628 116
1753630041138 0.008902369998395443 117
1753630041146 0.008899186737835407 118
1753630041154 0.008895988576114178 119
1753630041163 0.00889280904084444 120
1753630041171 0.00888959039002657 121
1753630041182 0.008886393159627914 122
1753630041190 0.008883180096745491 123
1753630041199 0.008879964239895344 124
1753630041207 0.00887672882527113 125
1753630041215 0.008873497135937214 126
1753630041223 0.008870263583958149 127
1753630041232 0.008867022581398487 128
1753630041240 0.008863764815032482 129
1753630041248 0.008860516361892223 130
1753630041257 0.008857252076268196 131
1753630041266 0.008853995241224766 132
1753630041275 0.008850730955600739 133
1753630041283 0.008847459219396114 134
1753630041291 0.008844171650707722 135
1753630041299 0.008840895257890224 136
1753630041309 0.00883758720010519 137
1753630041316 0.008834299631416798 138
1753630041325 0.008830982260406017 139
1753630041333 0.008827687241137028 140
1753630041342 0.008824377320706844 141
1753630041350 0.008821054361760616 142
1753630041359 0.008817736990749836 143
1753630041367 0.00881440844386816 144
1753630041376 0.00881105288863182 145
1753630041384 0.008807727135717869 146
1753630041392 0.008804373443126678 147
1753630041400 0.008801027201116085 148
1753630041408 0.008797673508524895 149
1753630041417 0.008794315159320831 150
1753630041426 0.008790942840278149 151
1753630041437 0.008787582628428936 152
1753630041447 0.00878420565277338 153
1753630041458 0.008780823089182377 154
1753630041469 0.008777448907494545 155
1753630041477 0.008774054236710072 156
1753630041486 0.008770658634603024 157
1753630041494 0.008767254650592804 158
1753630041502 0.008763870224356651 159
1753630041510 0.008760456927120686 160
1753630041519 0.008757033385336399 161
1753630041528 0.008753619156777859 162
1753630041536 0.00875020306557417 163
1753630041544 0.008746765553951263 164
1753630041553 0.008743330836296082 165
1753630041561 0.008739911951124668 166
1753630041569 0.008736477233469486 167
1753630041577 0.008733025752007961 168
1753630041585 0.008729585446417332 169
1753630041593 0.008726120926439762 170
1753630041603 0.008722671307623386 171
1753630041611 0.00871920958161354 172
1753630041620 0.008715747855603695 173
1753630041628 0.008712279610335827 174
1753630041637 0.008708799257874489 175
1753630041645 0.008705324493348598 176
1753630041653 0.008701848797500134 177
1753630041660 0.008698350749909878 178
1753630041668 0.008694865740835667 179
1753630041676 0.008691368624567986 180
1753630041687 0.008687875233590603 181
1753630041695 0.008684370666742325 182
1753630041704 0.008680865168571472 183
1753630041713 0.008677358739078045 184
1753630041721 0.00867383647710085 185
1753630041730 0.00867032166570425 186
1753630041740 0.008666799403727055 187
1753630041749 0.008663286454975605 188
1753630041758 0.008659767918288708 189
1753630041766 0.008656241931021214 190
1753630041776 0.008652695454657078 191
1753630041785 0.008649156428873539 192
1753630041793 0.008645610883831978 193
1753630041802 0.00864205602556467 194
1753630041810 0.008638515137135983 195
1753630041819 0.008634951896965504 196
1753630041827 0.008631394244730473 197
1753630041834 0.008627835661172867 198
1753630041843 0.00862427894026041 199
1753630040198 2.539806842803955 0
