1752742815378 0.6612450480461121 0
1752742815385 0.6503698229789734 1
1752742815391 0.6396432518959045 2
1752742815396 0.6290364861488342 3
1752742815401 0.6185224652290344 4
1752742815407 0.6080790758132935 5
1752742815412 0.5976830124855042 6
1752742815417 0.5873095393180847 7
1752742815422 0.5769341588020325 8
1752742815427 0.5665338039398193 9
1752742815432 0.5560858845710754 10
1752742815438 0.5455687046051025 11
1752742815445 0.5349619388580322 12
1752742815452 0.5242480039596558 13
1752742815458 0.513411819934845 14
1752742815463 0.5024417638778687 15
1752742815468 0.4913293719291687 16
1752742815473 0.48006948828697205 17
1752742815479 0.46866023540496826 18
1752742815485 0.4571027457714081 19
1752742815490 0.4454009234905243 20
1752742815496 0.4335613250732422 21
1752742815503 0.4215928912162781 22
1752742815508 0.4095066487789154 23
1752742815517 0.3973156809806824 24
1752742815523 0.38503456115722656 25
1752742815528 0.37267908453941345 26
1752742815533 0.3602662682533264 27
1752742815538 0.34781402349472046 28
1752742815544 0.3353413939476013 29
1752742815549 0.322868674993515 30
1752742815555 0.3104174733161926 31
1752742815560 0.29801085591316223 32
1752742815566 0.28567346930503845 33
1752742815572 0.2734316289424896 34
1752742815578 0.26131337881088257 35
1752742815583 0.24934832751750946 36
1752742815589 0.23756739497184753 37
1752742815594 0.22600267827510834 38
1752742815600 0.21468675136566162 39
1752742815608 0.2036522477865219 40
1752742815616 0.1929309368133545 41
1752742815622 0.18255303800106049 42
1752742815628 0.1725464165210724 43
1752742815636 0.16293571889400482 44
1752742815644 0.15374168753623962 45
1752742815650 0.1449802964925766 46
1752742815656 0.1366622895002365 47
1752742815662 0.12879270315170288 48
1752742815669 0.12137074768543243 49
1752742815675 0.11438992619514465 50
1752742815682 0.10783848166465759 51
1752742815690 0.10170003771781921 52
1752742815696 0.09595450013875961 53
1752742815703 0.09057905524969101 54
1752742815709 0.08554921299219131 55
1752742815715 0.08083987981081009 56
1752742815721 0.07642631232738495 57
1752742815727 0.07228506356477737 58
1752742815733 0.06839471310377121 59
1752742815739 0.06473667174577713 60
1752742815745 0.06129588931798935 61
1752742815752 0.058061450719833374 62
1752742815759 0.0550270676612854 63
1752742815765 0.05219121649861336 64
1752742815771 0.04955662786960602 65
1752742815777 0.0471290685236454 66
1752742815785 0.04491521045565605 67
1752742815791 0.04291992634534836 68
1752742815796 0.04114365205168724 69
1752742815802 0.039580632001161575 70
1752742815809 0.03821886330842972 71
1752742815815 0.037042099982500076 72
1752742815823 0.036032918840646744 73
1752742815830 0.03517561033368111 74
1752742815837 0.03445710986852646 75
1752742815844 0.03386571258306503 76
1752742815851 0.03338829055428505 77
1752742815861 0.033008210361003876 78
1752742815869 0.032705552875995636 79
1752742815877 0.03245997056365013 80
1752742815886 0.032254595309495926 81
1752742815896 0.03207842633128166 82
1752742815904 0.031925830990076065 83
1752742815914 0.031793899834156036 84
1752742815924 0.03167956322431564 85
1752742815937 0.03157832846045494 86
1752742815948 0.03148515149950981 87
1752742815959 0.031396131962537766 88
1752742815969 0.03130976855754852 89
1752742815979 0.031226852908730507 90
1752742815990 0.031149212270975113 91
1752742816001 0.031078321859240532 92
1752742816010 0.03101452998816967 93
1752742816020 0.030957184731960297 94
1752742816030 0.030905352905392647 95
1752742816040 0.03085849992930889 96
1752742816049 0.030816763639450073 97
1752742816059 0.030780717730522156 98
1752742816068 0.030750902369618416 99
1752742816078 0.030727403238415718 100
1752742816089 0.030709749087691307 101
1752742816100 0.030696989968419075 102
1752742816109 0.030687998980283737 103
1752742816119 0.030685877427458763 104
1752742816128 0.030683942139148712 105
1752742816135 0.030682135373353958 106
1752742816144 0.03068041242659092 107
1752742816155 0.030678723007440567 108
1752742816163 0.03067704290151596 109
1752742816171 0.030676502734422684 110
1752742816182 0.030675919726490974 111
1752742816193 0.030675290152430534 112
1752742816201 0.030674602836370468 113
1752742816209 0.030673863366246223 114
1752742816218 0.030673077329993248 115
1752742816226 0.030672820284962654 116
1752742816234 0.030672550201416016 117
1752742816242 0.030672255903482437 118
1752742816250 0.030671952292323112 119
1752742816258 0.0306716226041317 120
1752742816268 0.030671287328004837 121
1752742816276 0.030671177431941032 122
1752742816285 0.030671067535877228 123
1752742816293 0.030670950189232826 124
1752742816301 0.030670829117298126 125
1752742816309 0.030670706182718277 126
1752742816318 0.03067057952284813 127
1752742816326 0.030670536682009697 128
1752742816334 0.030670499429106712 129
1752742816342 0.030670462176203728 130
1752742816352 0.030670415610074997 131
1752742816360 0.030670372769236565 132
1752742816369 0.030670328065752983 133
1752742816377 0.03067030943930149 134
1752742816384 0.030670292675495148 135
1752742816391 0.030670268461108208 136
1752742816400 0.030670251697301865 137
1752742816407 0.030670233070850372 138
1752742816414 0.03067021444439888 139
1752742816421 0.03067019209265709 140
1752742816429 0.030670171603560448 141
1752742816437 0.030670149251818657 142
1752742816444 0.030670126900076866 143
1752742816452 0.030670104548335075 144
1752742816460 0.030670084059238434 145
1752742816469 0.03067006543278694 146
1752742816478 0.030670039355754852 147
1752742816486 0.030670013278722763 148
1752742816494 0.03066999465227127 149
1752742816503 0.030669966712594032 150
1752742816512 0.03066994622349739 151
1752742816521 0.03066992200911045 152
1752742816550 0.03066989593207836 153
1752742816580 0.03066987171769142 154
1752742816587 0.03066984750330448 155
1752742816595 0.030669821426272392 156
1752742816606 0.030669795349240303 157
1752742816623 0.03066977486014366 158
1752742816630 0.030669746920466423 159
1752742816638 0.030669720843434334 160
1752742816650 0.030669694766402245 161
1752742816658 0.030669670552015305 162
1752742816667 0.030669640749692917 163
1752742816676 0.030669614672660828 164
1752742816684 0.03066958859562874 165
1752742816692 0.0306695643812418 166
1752742816702 0.03066953271627426 167
1752742816710 0.030669502913951874 168
1752742816718 0.030669476836919785 169
1752742816726 0.030669450759887695 170
1752742816736 0.030669420957565308 171
1752742816745 0.03066939301788807 172
1752742816754 0.03066936321556568 173
1752742816765 0.030669331550598145 174
1752742816775 0.030669307336211205 175
1752742816784 0.030669275671243668 176
1752742816793 0.03066924586892128 177
1752742816801 0.03066921979188919 178
1752742816809 0.030669186264276505 179
1752742816817 0.030669160187244415 180
1752742816827 0.03066912479698658 181
1752742816836 0.030669093132019043 182
1752742816844 0.030669063329696655 183
1752742816857 0.03066903166472912 184
1752742816866 0.030668998137116432 185
1752742816875 0.030668968334794044 186
1752742816883 0.030668940395116806 187
1752742816892 0.03066890686750412 188
1752742816900 0.030668871477246284 189
1752742816908 0.03066883608698845 190
1752742816918 0.03066880628466606 191
1752742816927 0.030668774619698524 192
1752742816935 0.03066874109208584 193
1752742816943 0.030668703839182854 194
1752742816951 0.03066866844892502 195
1752742816959 0.03066863678395748 196
1752742816967 0.030668603256344795 197
1752742816975 0.03066856786608696 198
1752742816983 0.030668534338474274 199
