1753017808398 2.1726205348968506 0
1753017808403 2.1355628967285156 1
1753017808407 2.098308801651001 2
1753017808411 2.060781240463257 3
1753017808415 2.022897958755493 4
1753017808420 1.9845653772354126 5
1753017808424 1.945688247680664 6
1753017808428 1.9061689376831055 7
1753017808432 1.865910530090332 8
1753017808436 1.824816346168518 9
1753017808440 1.7827950716018677 10
1753017808444 1.739758014678955 11
1753017808450 1.6956216096878052 12
1753017808454 1.6503082513809204 13
1753017808458 1.6037482023239136 14
1753017808463 1.5558806657791138 15
1753017808467 1.5066566467285156 16
1753017808472 1.4560399055480957 17
1753017808477 1.4040106534957886 18
1753017808481 1.3505668640136719 19
1753017808486 1.2957271337509155 20
1753017808491 1.2395333051681519 21
1753017808496 1.1820522546768188 22
1753017808501 1.1233800649642944 23
1753017808506 1.0636428594589233 24
1753017808514 1.0029997825622559 25
1753017808520 0.9416444301605225 26
1753017808524 0.8798046112060547 27
1753017808530 0.8177423477172852 28
1753017808534 0.7557521462440491 29
1753017808539 0.6941583156585693 30
1753017808545 0.6333107352256775 31
1753017808550 0.5735806822776794 32
1753017808555 0.5153535604476929 33
1753017808560 0.4590226709842682 34
1753017808565 0.40498051047325134 35
1753017808570 0.35360991954803467 36
1753017808575 0.3052743673324585 37
1753017808580 0.2603074908256531 38
1753017808586 0.2190021276473999 39
1753017808591 0.181599959731102 40
1753017808597 0.14828063547611237 41
1753017808602 0.11915215104818344 42
1753017808608 0.09424138069152832 43
1753017808614 0.07348709553480148 44
1753017808621 0.05673442780971527 45
1753017808627 0.04373462125658989 46
1753017808633 0.034149788320064545 47
1753017808640 0.027564870193600655 48
1753017808650 0.02350510098040104 49
1753017808657 0.021458441391587257 50
1753017808666 0.020901814103126526 51
1753017808675 0.02132946066558361 52
1753017808682 0.021686188876628876 53
1753017808690 0.02195006050169468 54
1753017808698 0.022064847871661186 55
1753017808705 0.021995296701788902 56
1753017808713 0.021724017336964607 57
1753017808720 0.02124852128326893 58
1753017808728 0.020907044410705566 59
1753017808735 0.020465271547436714 60
1753017808744 0.019934935495257378 61
1753017808753 0.019328230991959572 62
1753017808762 0.01865747757256031 63
1753017808770 0.017934774979948997 64
1753017808778 0.0175508763641119 65
1753017808787 0.017146525904536247 66
1753017808796 0.016725463792681694 67
1753017808803 0.016291242092847824 68
1753017808811 0.01584709994494915 69
1753017808820 0.01539597287774086 70
1753017808830 0.015167341567575932 71
1753017808839 0.014935530722141266 72
1753017808846 0.014701361767947674 73
1753017808853 0.01446550339460373 74
1753017808860 0.014228607527911663 75
1753017808866 0.01399123203009367 76
1753017808872 0.013872262090444565 77
1753017808878 0.013752915896475315 78
1753017808884 0.01363327819854021 79
1753017808891 0.013513498939573765 80
1753017808898 0.01339370384812355 81
1753017808904 0.013274002820253372 82
1753017808910 0.013214138336479664 83
1753017808916 0.01315420214086771 84
1753017808922 0.013094264082610607 85
1753017808928 0.013034322299063206 86
1753017808935 0.012974386103451252 87
1753017808941 0.012914481572806835 88
1753017808947 0.0128845339640975 89
1753017808954 0.01285457517951727 90
1753017808961 0.012824594974517822 91
1753017808967 0.012794609181582928 92
1753017808974 0.012764610350131989 93
1753017808980 0.012734600342810154 94
1753017808986 0.012719585560262203 95
1753017808992 0.012704550288617611 96
1753017808997 0.012689496390521526 97
1753017809002 0.012674425728619099 98
1753017809008 0.012659353204071522 99
1753017809015 0.012644265778362751 100
1753017809022 0.012636718340218067 101
1753017809027 0.012629199773073196 102
1753017809035 0.012621640227735043 103
1753017809041 0.012614063918590546 104
1753017809046 0.012606500647962093 105
1753017809051 0.012598924338817596 106
1753017809056 0.012595023028552532 107
1753017809061 0.012591145001351833 108
1753017809067 0.01258724182844162 109
1753017809072 0.012583334930241108 110
1753017809078 0.012579426169395447 111
1753017809084 0.012575493194162846 112
1753017809091 0.012571589089930058 113
1753017809097 0.012567647732794285 114
1753017809103 0.01256371196359396 115
1753017809109 0.012559783644974232 116
1753017809115 0.01255581621080637 117
1753017809121 0.012551859021186829 118
1753017809127 0.012547911144793034 119
1753017809133 0.012543941847980022 120
1753017809140 0.01253997627645731 121
1753017809146 0.012535993941128254 122
1753017809153 0.012532006949186325 123
1753017809159 0.012528029270470142 124
1753017809164 0.012524035759270191 125
1753017809170 0.01252001617103815 126
1753017809175 0.012516028247773647 127
1753017809182 0.012512009590864182 128
1753017809187 0.012507978826761246 129
1753017809192 0.012503950856626034 130
1753017809199 0.012499907054007053 131
1753017809206 0.012495887465775013 132
1753017809212 0.012491848319768906 133
1753017809218 0.012487780302762985 134
1753017809225 0.012483728118240833 135
1753017809230 0.01247967779636383 136
1753017809236 0.012475606985390186 137
1753017809242 0.012471559457480907 138
1753017809248 0.012467462569475174 139
1753017809255 0.012463393621146679 140
1753017809262 0.01245930790901184 141
1753017809267 0.012455209158360958 142
1753017809273 0.012451093643903732 143
1753017809279 0.012446992099285126 144
1753017809285 0.012442883104085922 145
1753017809290 0.012438776902854443 146
1753017809296 0.012434646487236023 147
1753017809302 0.012430533766746521 148
1753017809308 0.012426395900547504 149
1753017809314 0.012422267347574234 150
1753017809320 0.012418128550052643 151
1753017809328 0.01241398137062788 152
1753017809334 0.012409831397235394 153
1753017809340 0.012405697256326675 154
1753017809345 0.012401537038385868 155
1753017809350 0.012397374957799911 156
1753017809356 0.012393192388117313 157
1753017809362 0.012389026582241058 158
1753017809367 0.01238484401255846 159
1753017809373 0.012380669824779034 160
1753017809389 0.012376479804515839 161
1753017809398 0.012372293509542942 162
1753017809403 0.012368095107376575 163
1753017809409 0.012363896705210209 164
1753017809415 0.01235969364643097 165
1753017809420 0.012355481274425983 166
1753017809426 0.01235126331448555 167
1753017809432 0.012347043491899967 168
1753017809438 0.0123428450897336 169
1753017809444 0.012338603846728802 170
1753017809451 0.012334376573562622 171
1753017809457 0.012330152094364166 172
1753017809463 0.012325911782681942 173
1753017809469 0.01232167985290289 174
1753017809474 0.012317425571382046 175
1753017809481 0.012313179671764374 176
1753017809488 0.012308920733630657 177
1753017809495 0.012304666452109814 178
1753017809501 0.012300394475460052 179
1753017809507 0.012296140193939209 180
1753017809515 0.012291868217289448 181
1753017809522 0.01228758692741394 182
1753017809528 0.01228331495076418 183
1753017809535 0.012279043905436993 184
1753017809541 0.01227474957704544 185
1753017809547 0.012270461767911911 186
1753017809553 0.012266156263649464 187
1753017809559 0.012261882424354553 188
1753017809566 0.012257571332156658 189
1753017809572 0.012253285385668278 190
1753017809580 0.012248963117599487 191
1753017809586 0.01224465575069189 192
1753017809593 0.012240338139235973 193
1753017809599 0.012236013077199459 194
1753017809605 0.012231691740453243 195
1753017809611 0.0122273750603199 196
1753017809617 0.012223039753735065 197
1753017809623 0.012218709103763103 198
1753017809629 0.012214385904371738 199
