1753017755560 2.222818374633789 0
1753017755565 2.185229539871216 1
1753017755569 2.1483216285705566 2
1753017755573 2.111933708190918 3
1753017755577 2.0758535861968994 4
1753017755581 2.0399086475372314 5
1753017755585 2.0039379596710205 6
1753017755589 1.967774510383606 7
1753017755594 1.9312509298324585 8
1753017755598 1.8942044973373413 9
1753017755603 1.8564761877059937 10
1753017755608 1.8179126977920532 11
1753017755614 1.778366208076477 12
1753017755623 1.7376989126205444 13
1753017755628 1.6957839727401733 14
1753017755634 1.6525073051452637 15
1753017755640 1.6077680587768555 16
1753017755645 1.5614787340164185 17
1753017755649 1.5135663747787476 18
1753017755654 1.463974118232727 19
1753017755659 1.4126653671264648 20
1753017755664 1.3596258163452148 21
1753017755669 1.304869532585144 22
1753017755673 1.2484427690505981 23
1753017755678 1.190428614616394 24
1753017755683 1.1309497356414795 25
1753017755687 1.0701724290847778 26
1753017755692 1.008307695388794 27
1753017755697 0.945611298084259 28
1753017755701 0.8823829293251038 29
1753017755706 0.8189630508422852 30
1753017755711 0.755727231502533 31
1753017755717 0.6930792331695557 32
1753017755721 0.6314427852630615 33
1753017755726 0.5712520480155945 34
1753017755730 0.5129414200782776 35
1753017755735 0.45693615078926086 36
1753017755739 0.40364208817481995 37
1753017755744 0.353435754776001 38
1753017755748 0.3066549003124237 39
1753017755753 0.26358816027641296 40
1753017755757 0.22446481883525848 41
1753017755763 0.18944434821605682 42
1753017755769 0.15860529243946075 43
1753017755774 0.13193559646606445 44
1753017755780 0.1093248799443245 45
1753017755786 0.09056224673986435 46
1753017755792 0.07534239441156387 47
1753017755798 0.06328052282333374 48
1753017755804 0.0539349801838398 49
1753017755812 0.046833913773298264 50
1753017755818 0.04150370880961418 51
1753017755826 0.03749598562717438 52
1753017755833 0.03440938517451286 53
1753017755839 0.031905535608530045 54
1753017755845 0.029717447236180305 55
1753017755853 0.0276512261480093 56
1753017755860 0.02558198757469654 57
1753017755867 0.02344570867717266 58
1753017755875 0.021228298544883728 59
1753017755883 0.018952878192067146 60
1753017755892 0.016667092218995094 61
1753017755900 0.014430947601795197 62
1753017755908 0.012306430377066135 63
1753017755915 0.010349233634769917 64
1753017755923 0.00860301312059164 65
1753017755931 0.0070962547324597836 66
1753017755939 0.005841319914907217 67
1753017755947 0.004835381638258696 68
1753017755955 0.0040628076530992985 69
1753017755962 0.00349810509942472 70
1753017755973 0.003109372453764081 71
1753017755981 0.002861529588699341 72
1753017755989 0.0027192465495318174 73
1753017755995 0.002649186411872506 74
1753017756001 0.0026217803824692965 75
1753017756008 0.00261222873814404 76
1753017756014 0.0026010791771113873 77
1753017756020 0.00257426081225276 78
1753017756026 0.002522817114368081 79
1753017756033 0.002442346652969718 80
1753017756040 0.0023322708439081907 81
1753017756046 0.00219505256973207 82
1753017756053 0.002035367302596569 83
1753017756059 0.0019435837166383862 84
1753017756065 0.001838944386690855 85
1753017756071 0.001724427449516952 86
1753017756077 0.0016030218685045838 87
1753017756083 0.0014775651507079601 88
1753017756089 0.0013507275143638253 89
1753017756095 0.0012866329634562135 90
1753017756102 0.0012214434100314975 91
1753017756108 0.0011558083351701498 92
1753017756114 0.001090307836420834 93
1753017756121 0.0010254745138809085 94
1753017756127 0.0009617423638701439 95
1753017756133 0.0009303053957410157 96
1753017756139 0.0008990734349936247 97
1753017756145 0.0008681342005729675 98
1753017756151 0.0008375704637728631 99
1753017756158 0.0008074595243670046 100
1753017756164 0.0007778664003126323 101
1753017756171 0.0007632675115019083 102
1753017756177 0.0007487977854907513 103
1753017756184 0.000734475499484688 104
1753017756190 0.0007203041459433734 105
1753017756195 0.0007062890217639506 106
1753017756200 0.0006924383342266083 107
1753017756206 0.0006855822284705937 108
1753017756212 0.0006787695456296206 109
1753017756217 0.0006720021483488381 110
1753017756223 0.0006652807351201773 111
1753017756229 0.0006586050149053335 112
1753017756234 0.0006519763264805079 113
1753017756240 0.0006486807833425701 114
1753017756246 0.000645396183244884 115
1753017756252 0.0006421278812922537 116
1753017756257 0.000638867262750864 117
1753017756263 0.0006356199155561626 118
1753017756268 0.0006323771085590124 119
1753017756274 0.0006307619041763246 120
1753017756280 0.0006291461759246886 121
1753017756286 0.0006275338237173855 122
1753017756292 0.0006259224028326571 123
1753017756297 0.000624313484877348 124
1753017756304 0.0006226993864402175 125
1753017756310 0.0006219049100764096 126
1753017756315 0.0006210991414263844 127
1753017756321 0.0006202984950505197 128
1753017756326 0.0006194918532855809 129
1753017756331 0.0006186898681335151 130
1753017756337 0.0006178838084451854 131
1753017756345 0.0006174792652018368 132
1753017756350 0.000617072859313339 133
1753017756355 0.0006166641251184046 134
1753017756361 0.000616252887994051 135
1753017756366 0.0006158480537123978 136
1753017756372 0.0006154397851787508 137
1753017756378 0.0006152258720248938 138
1753017756384 0.0006150168483145535 139
1753017756389 0.0006148060783743858 140
1753017756395 0.0006145926308818161 141
1753017756402 0.0006143837235867977 142
1753017756408 0.0006141699850559235 143
1753017756413 0.0006139574106782675 144
1753017756419 0.0006137455930002034 145
1753017756425 0.0006135295843705535 146
1753017756431 0.00061331398319453 147
1753017756437 0.0006131001282483339 148
1753017756443 0.0006128852255642414 149
1753017756449 0.000612664211075753 150
1753017756455 0.0006124484352767467 151
1753017756462 0.0006122259073890746 152
1753017756468 0.0006120136240497231 153
1753017756473 0.0006117912125773728 154
1753017756479 0.0006115721189416945 155
1753017756485 0.0006113522686064243 156
1753017756491 0.0006111338152550161 157
1753017756504 0.0006109101814217865 158
1753017756514 0.0006106896908022463 159
1753017756532 0.0006104630301706493 160
1753017756552 0.0006102448096498847 161
1753017756571 0.000610019953455776 162
1753017756577 0.0006097957375459373 163
1753017756582 0.0006095726857893169 164
1753017756588 0.0006093477713875473 165
1753017756599 0.0006091222749091685 166
1753017756604 0.0006088937516324222 167
1753017756609 0.0006086653447709978 168
1753017756615 0.0006084381602704525 169
1753017756620 0.0006082119653001428 170
1753017756626 0.0006079823942855 171
1753017756632 0.000607755733653903 172
1753017756638 0.0006075237179175019 173
1753017756643 0.0006072930991649628 174
1753017756649 0.0006070631206966937 175
1753017756655 0.0006068295915611088 176
1753017756662 0.0006065989728085697 177
1753017756668 0.0006063670734874904 178
1753017756675 0.0006061327876523137 179
1753017756682 0.0006059014122001827 180
1753017756689 0.0006056641577742994 181
1753017756696 0.0006054294644854963 182
1753017756702 0.0006051956443116069 183
1753017756708 0.0006049584480933845 184
1753017756714 0.0006047214264981449 185
1753017756720 0.0006044827168807387 186
1753017756726 0.0006042490131221712 187
1753017756733 0.0006040072767063975 188
1753017756739 0.0006037655402906239 189
1753017756745 0.0006035271799191833 190
1753017756752 0.0006032910314388573 191
1753017756759 0.0006030485383234918 192
1753017756765 0.0006028074421919882 193
1753017756773 0.0006025658803991973 194
1753017756779 0.0006023257737979293 195
1753017756785 0.0006020814762450755 196
1753017756792 0.000601840321905911 197
1753017756798 0.0006015959079377353 198
1753017756805 0.0006013521342538297 199
