1752657399927 0.7547957301139832 0
1752657399965 0.7308087944984436 1
1752657399982 0.7252220511436462 2
1752657400000 0.710145115852356 3
1752657400020 0.744357168674469 4
1752657400038 0.7169128656387329 5
1752657400058 0.7305827736854553 6
1752657400075 0.7208361029624939 7
1752657400093 0.7574194669723511 8
1752657400110 0.7200498580932617 9
1752657400129 0.6895925998687744 10
1752657400148 0.7101497650146484 11
1752657400166 0.6778924465179443 12
1752657400184 0.6932036876678467 13
1752657400203 0.6838898658752441 14
1752657400223 0.6716662645339966 15
1752657400241 0.6981284022331238 16
1752657400258 0.658334493637085 17
1752657400275 0.6738637089729309 18
1752657400293 0.6738285422325134 19
1752657400321 0.6415849328041077 20
1752657400346 0.6270203590393066 21
1752657400371 0.6469942927360535 22
1752657400395 0.6376770734786987 23
1752657400422 0.6270498633384705 24
1752657400449 0.5967645049095154 25
1752657400473 0.6224334239959717 26
1752657400496 0.6358718872070312 27
1752657400519 0.6338260173797607 28
1752657400543 0.5777079463005066 29
1752657400568 0.5859341025352478 30
1752657400593 0.618296205997467 31
1752657400616 0.5988031625747681 32
1752657400640 0.5911938548088074 33
1752657400659 0.6032290458679199 34
1752657400679 0.5901747345924377 35
1752657400698 0.5781687498092651 36
1752657400718 0.5532446503639221 37
1752657400739 0.5769224166870117 38
1752657400758 0.5913926362991333 39
1752657400781 0.55450040102005 40
1752657400801 0.594887912273407 41
1752657400821 0.5655943751335144 42
1752657400843 0.5689135789871216 43
1752657400863 0.5436934232711792 44
1752657400883 0.5694452524185181 45
1752657400904 0.55471271276474 46
1752657400924 0.5763965249061584 47
1752657400945 0.5506272315979004 48
1752657400968 0.5444520711898804 49
1752657400992 0.5405754446983337 50
1752657401014 0.5382435321807861 51
1752657401037 0.5361619591712952 52
1752657401057 0.5144183039665222 53
1752657401078 0.5508018136024475 54
1752657401099 0.5436283946037292 55
1752657401120 0.5088518857955933 56
1752657401141 0.5415496230125427 57
1752657401161 0.5065597295761108 58
1752657401182 0.5112500190734863 59
1752657401206 0.5069504976272583 60
1752657401261 0.5055772066116333 61
1752657401305 0.5013814568519592 62
1752657401331 0.5068421363830566 63
1752657401354 0.4961821734905243 64
1752657401383 0.5083634853363037 65
1752657401404 0.5043478012084961 66
1752657401427 0.4975404441356659 67
1752657401450 0.500385046005249 68
1752657401472 0.4945046007633209 69
1752657401495 0.4762435257434845 70
1752657401519 0.4735974967479706 71
1752657401541 0.494864821434021 72
1752657401561 0.48471689224243164 73
1752657401583 0.46877172589302063 74
1752657401608 0.49156469106674194 75
1752657401640 0.48057106137275696 76
1752657401663 0.49726203083992004 77
1752657401684 0.4996126592159271 78
1752657401708 0.49675530195236206 79
1752657401732 0.4762449562549591 80
1752657401755 0.47176069021224976 81
1752657401778 0.4663054049015045 82
1752657401801 0.47997498512268066 83
1752657401825 0.4697304666042328 84
1752657401846 0.46528342366218567 85
1752657401870 0.47068002820014954 86
1752657401893 0.4567471146583557 87
1752657401916 0.45472702383995056 88
1752657401937 0.4597870409488678 89
1752657401962 0.4640849232673645 90
1752657401984 0.45538070797920227 91
1752657402007 0.4361863136291504 92
1752657402030 0.4523654878139496 93
1752657402053 0.446137934923172 94
1752657402076 0.4497177004814148 95
1752657402099 0.4363929033279419 96
1752657402122 0.4543490409851074 97
1752657402146 0.4381042420864105 98
1752657402168 0.4467432498931885 99
1752657402191 0.45033010840415955 100
1752657402214 0.4530002772808075 101
1752657402240 0.42565903067588806 102
1752657402282 0.45933854579925537 103
1752657402308 0.44520941376686096 104
1752657402332 0.4195092022418976 105
1752657402359 0.4544666111469269 106
1752657402386 0.4306422472000122 107
1752657402412 0.446869432926178 108
1752657402434 0.4228997826576233 109
1752657402458 0.43287795782089233 110
1752657402487 0.39086511731147766 111
1752657402525 0.454274982213974 112
1752657402573 0.42521026730537415 113
1752657402643 0.41439637541770935 114
1752657402687 0.435812383890152 115
1752657402725 0.3948655426502228 116
1752657402758 0.39940762519836426 117
1752657402787 0.40940919518470764 118
1752657402813 0.4499465823173523 119
1752657402839 0.4137252867221832 120
1752657402864 0.3757416009902954 121
1752657402888 0.3818792402744293 122
1752657402912 0.4102308452129364 123
1752657402937 0.39885807037353516 124
1752657402961 0.4023508131504059 125
1752657402982 0.3859868049621582 126
1752657403002 0.4066792130470276 127
1752657403021 0.41726431250572205 128
1752657403041 0.37648385763168335 129
1752657403062 0.36447492241859436 130
1752657403084 0.3915119171142578 131
1752657403103 0.3797270357608795 132
1752657403124 0.38649851083755493 133
1752657403144 0.37348267436027527 134
1752657403170 0.36125198006629944 135
1752657403190 0.37108340859413147 136
1752657403211 0.36111387610435486 137
1752657403231 0.38924041390419006 138
1752657403253 0.3643147945404053 139
1752657403275 0.3767045736312866 140
1752657403296 0.3806762099266052 141
1752657403316 0.363921582698822 142
1752657403337 0.3428502678871155 143
1752657403356 0.37788522243499756 144
1752657403377 0.3581487834453583 145
1752657403396 0.37562528252601624 146
1752657403415 0.35438019037246704 147
1752657403437 0.378885418176651 148
1752657403457 0.3690904378890991 149
1752657403480 0.3618239164352417 150
1752657403501 0.3806804120540619 151
1752657403521 0.36032724380493164 152
1752657403540 0.35920849442481995 153
1752657403561 0.3656983971595764 154
1752657403580 0.34032732248306274 155
1752657403599 0.36177489161491394 156
1752657403621 0.3374330401420593 157
1752657403640 0.340156614780426 158
1752657403670 0.3199676275253296 159
1752657403693 0.33688491582870483 160
1752657403718 0.3329285979270935 161
1752657403739 0.343417227268219 162
1752657403760 0.3189341425895691 163
1752657403786 0.33749955892562866 164
1752657403809 0.32689979672431946 165
1752657403830 0.3163144886493683 166
1752657403856 0.3460944592952728 167
1752657403879 0.31229737401008606 168
1752657403900 0.2918475270271301 169
1752657403923 0.30605462193489075 170
1752657403945 0.32043105363845825 171
1752657403966 0.3124643564224243 172
1752657403988 0.32484060525894165 173
1752657404009 0.3207433819770813 174
1752657404030 0.3089415431022644 175
1752657404049 0.32447266578674316 176
1752657404069 0.31222450733184814 177
1752657404090 0.3136444389820099 178
1752657404109 0.30756354331970215 179
1752657404132 0.2988918721675873 180
1752657404152 0.30244573950767517 181
1752657404173 0.3195773959159851 182
1752657404194 0.31062132120132446 183
1752657404215 0.2847588360309601 184
1752657404235 0.3047753870487213 185
1752657404256 0.30140218138694763 186
1752657404277 0.2829214632511139 187
1752657404296 0.28241220116615295 188
1752657404318 0.29065948724746704 189
1752657404341 0.2902376353740692 190
1752657404362 0.3060259521007538 191
1752657404382 0.28090012073516846 192
1752657404403 0.27896353602409363 193
1752657404424 0.29334184527397156 194
1752657404446 0.26794859766960144 195
1752657404468 0.2809082269668579 196
1752657404487 0.27984142303466797 197
1752657404508 0.29083770513534546 198
1752657404530 0.28556764125823975 199
