1752741937539 0.7446917295455933 0
1752741937545 0.7310646772384644 1
1752741937551 0.7176678776741028 2
1752741937557 0.7044668197631836 3
1752741937563 0.6914263367652893 4
1752741937569 0.6785125732421875 5
1752741937575 0.6656913161277771 6
1752741937580 0.6529293656349182 7
1752741937585 0.6401956081390381 8
1752741937591 0.6274621486663818 9
1752741937596 0.6147040724754333 10
1752741937601 0.6018988490104675 11
1752741937607 0.5890262126922607 12
1752741937614 0.5760677456855774 13
1752741937620 0.5630065202713013 14
1752741937626 0.5498274564743042 15
1752741937633 0.5365175008773804 16
1752741937641 0.523065447807312 17
1752741937649 0.5094628930091858 18
1752741937656 0.4957035481929779 19
1752741937663 0.4817844033241272 20
1752741937673 0.4677053987979889 21
1752741937682 0.45346951484680176 22
1752741937691 0.4390828311443329 23
1752741937701 0.4245545566082001 24
1752741937712 0.40989625453948975 25
1752741937723 0.3951215445995331 26
1752741937735 0.3802454173564911 27
1752741937749 0.3652837574481964 28
1752741937763 0.35025227069854736 29
1752741937774 0.335166335105896 30
1752741937787 0.3200404644012451 31
1752741937799 0.3048883080482483 32
1752741937811 0.2897229790687561 33
1752741937820 0.2745579481124878 34
1752741937829 0.25940796732902527 35
1752741937838 0.2442908138036728 36
1752741937847 0.22922901809215546 37
1752741937856 0.21425196528434753 38
1752741937865 0.19939744472503662 39
1752741937874 0.18471375107765198 40
1752741937883 0.1702614724636078 41
1752741937892 0.15611609816551208 42
1752741937900 0.14237120747566223 43
1752741937909 0.12914220988750458 44
1752741937917 0.1165698915719986 45
1752741937925 0.10482143610715866 46
1752741937932 0.09408552199602127 47
1752741937940 0.08455631136894226 48
1752741937947 0.0764007568359375 49
1752741937955 0.06970883160829544 50
1752741937962 0.06443943083286285 51
1752741937970 0.0603906586766243 52
1752741937977 0.05722997337579727 53
1752741937985 0.05459082871675491 54
1752741937992 0.052187733352184296 55
1752741938000 0.049884479492902756 56
1752741938008 0.04768602177500725 57
1752741938016 0.04566919058561325 58
1752741938023 0.043893955647945404 59
1752741938031 0.04234158247709274 60
1752741938038 0.040912091732025146 61
1752741938045 0.039480261504650116 62
1752741938052 0.037966616451740265 63
1752741938058 0.03637447580695152 64
1752741938064 0.03477974608540535 65
1752741938071 0.03329255431890488 66
1752741938077 0.03201531246304512 67
1752741938084 0.031012587249279022 68
1752741938091 0.03029845468699932 69
1752741938097 0.02984071895480156 70
1752741938103 0.029577059671282768 71
1752741938110 0.029435865581035614 72
1752741938116 0.02935434691607952 73
1752741938123 0.029289107769727707 74
1752741938130 0.029218126088380814 75
1752741938136 0.029136043041944504 76
1752741938144 0.029046334326267242 77
1752741938151 0.02895357273519039 78
1752741938158 0.028858311474323273 79
1752741938164 0.028755538165569305 80
1752741938171 0.028691938146948814 81
1752741938178 0.028610367327928543 82
1752741938184 0.028511544689536095 83
1752741938191 0.028397442772984505 84
1752741938198 0.02827116660773754 85
1752741938205 0.028136594220995903 86
1752741938211 0.02806618995964527 87
1752741938218 0.02799304947257042 88
1752741938225 0.027918437495827675 89
1752741938233 0.027843495830893517 90
1752741938239 0.02776920050382614 91
1752741938245 0.02769632637500763 92
1752741938253 0.027625449001789093 93
1752741938261 0.02755693905055523 94
1752741938270 0.02749098651111126 95
1752741938279 0.027427636086940765 96
1752741938288 0.027366824448108673 97
1752741938297 0.027308396995067596 98
1752741938309 0.02725217305123806 99
1752741938318 0.027197955176234245 100
1752741938325 0.027145547792315483 101
1752741938332 0.027094803750514984 102
1752741938340 0.0270456001162529 103
1752741938348 0.02699786238372326 104
1752741938357 0.026951530948281288 105
1752741938365 0.02690659649670124 106
1752741938373 0.026863042265176773 107
1752741938381 0.026820877566933632 108
1752741938389 0.026780085638165474 109
1752741938397 0.026740653440356255 110
1752741938405 0.026702547445893288 111
1752741938413 0.026665708050131798 112
1752741938422 0.026647774502635002 113
1752741938429 0.026630157604813576 114
1752741938437 0.026612844318151474 115
1752741938445 0.02659579925239086 116
1752741938457 0.02657902054488659 117
1752741938465 0.026562469080090523 118
1752741938473 0.026554282754659653 119
1752741938481 0.026546163484454155 120
1752741938489 0.026538100093603134 121
1752741938496 0.026530088856816292 122
1752741938505 0.02652212232351303 123
1752741938512 0.02651420421898365 124
1752741938520 0.026510264724493027 125
1752741938527 0.02650633454322815 126
1752741938534 0.026502419263124466 127
1752741938541 0.02649851329624653 128
1752741938549 0.026494614779949188 129
1752741938556 0.026490721851587296 130
1752741938563 0.026488779112696648 131
1752741938571 0.026486840099096298 132
1752741938579 0.026484902948141098 133
1752741938586 0.02648296020925045 134
1752741938593 0.0264810249209404 135
1752741938601 0.0264790877699852 136
1752741938608 0.0264781154692173 137
1752741938618 0.0264771468937397 138
1752741938629 0.0264761783182621 139
1752741938639 0.0264752097427845 140
1752741938645 0.026474231854081154 141
1752741938653 0.026473265141248703 142
1752741938662 0.026472775265574455 143
1752741938670 0.026472287252545357 144
1752741938677 0.02647179737687111 145
1752741938685 0.02647130936384201 146
1752741938692 0.026470817625522614 147
1752741938700 0.026470327749848366 148
1752741938707 0.02647007815539837 149
1752741938714 0.02646983414888382 150
1752741938722 0.02646958827972412 151
1752741938728 0.026469342410564423 152
1752741938735 0.026469092816114426 153
1752741938742 0.02646884322166443 154
1752741938750 0.02646871656179428 155
1752741938757 0.026468586176633835 156
1752741938765 0.026468463242053986 157
1752741938772 0.02646833285689354 158
1752741938778 0.02646820619702339 159
1752741938786 0.026468072086572647 160
1752741938794 0.026467949151992798 161
1752741938801 0.026467816904187202 162
1752741938809 0.026467688381671906 163
1752741938817 0.02646755613386631 164
1752741938824 0.026467429473996162 165
1752741938830 0.026467297226190567 166
1752741938837 0.02646716497838497 167
1752741938844 0.026467032730579376 168
1752741938851 0.02646689862012863 169
1752741938858 0.026466771960258484 170
1752741938865 0.02646663784980774 171
1752741938872 0.026466501876711845 172
1752741938879 0.0264663714915514 173
1752741938886 0.026466239243745804 174
1752741938894 0.02646610513329506 175
1752741938901 0.026465972885489464 176
1752741938908 0.02646583691239357 177
1752741938915 0.026465704664587975 178
1752741938922 0.02646556682884693 179
1752741938929 0.026465434581041336 180
1752741938935 0.026465294882655144 181
1752741938942 0.0264651607722044 182
1752741938949 0.026465032249689102 183
1752741938957 0.02646489068865776 184
1752741938964 0.026464756578207016 185
1752741938972 0.026464620605111122 186
1752741938979 0.02646448090672493 187
1752741938985 0.026464344933629036 188
1752741938991 0.026464207097887993 189
1752741938998 0.0264640711247921 190
1752741939006 0.026463929563760757 191
1752741939016 0.026463791728019714 192
1752741939024 0.02646365761756897 193
1752741939032 0.026463516056537628 194
1752741939039 0.026463376358151436 195
1752741939046 0.026463238522410393 196
1752741939052 0.02646310068666935 197
1752741939060 0.02646295726299286 198
1752741939067 0.026462817564606667 199
