1752657912617 0.4925493597984314 0
1752657912634 0.4779776930809021 1
1752657912659 0.5000439882278442 2
1752657912675 0.48192137479782104 3
1752657912690 0.4302087426185608 4
1752657912704 0.4561026990413666 5
1752657912719 0.4415183365345001 6
1752657912733 0.42439836263656616 7
1752657912748 0.4397087097167969 8
1752657912762 0.3972961902618408 9
1752657912779 0.40258508920669556 10
1752657912795 0.4541153609752655 11
1752657912812 0.3954494595527649 12
1752657912827 0.39768990874290466 13
1752657912843 0.3868277370929718 14
1752657912858 0.39118897914886475 15
1752657912873 0.37601274251937866 16
1752657912888 0.36943650245666504 17
1752657912903 0.36752498149871826 18
1752657912918 0.40804335474967957 19
1752657912934 0.37484315037727356 20
1752657912950 0.3698810935020447 21
1752657912965 0.3470946252346039 22
1752657912980 0.3329184949398041 23
1752657912995 0.3419424593448639 24
1752657913010 0.36370953917503357 25
1752657913025 0.36798062920570374 26
1752657913042 0.3278517723083496 27
1752657913058 0.383015513420105 28
1752657913074 0.3231962025165558 29
1752657913092 0.3249526023864746 30
1752657913110 0.32548293471336365 31
1752657913128 0.34696274995803833 32
1752657913145 0.3281559348106384 33
1752657913162 0.3154141902923584 34
1752657913179 0.34202221035957336 35
1752657913198 0.2904091775417328 36
1752657913217 0.3337787091732025 37
1752657913237 0.31945306062698364 38
1752657913261 0.30318158864974976 39
1752657913285 0.30135416984558105 40
1752657913309 0.2759418487548828 41
1752657913336 0.27605462074279785 42
1752657913360 0.3036027252674103 43
1752657913383 0.31835055351257324 44
1752657913406 0.3118121922016144 45
1752657913428 0.28017279505729675 46
1752657913451 0.24472090601921082 47
1752657913473 0.2792606055736542 48
1752657913495 0.2758975028991699 49
1752657913519 0.2611544132232666 50
1752657913543 0.27664899826049805 51
1752657913562 0.26530206203460693 52
1752657913581 0.2772173285484314 53
1752657913600 0.23885437846183777 54
1752657913620 0.23884987831115723 55
1752657913640 0.24835063517093658 56
1752657913670 0.27131399512290955 57
1752657913692 0.24290667474269867 58
1752657913711 0.27219825983047485 59
1752657913734 0.2360181361436844 60
1752657913766 0.23213234543800354 61
1752657913791 0.21733109652996063 62
1752657913814 0.22902457416057587 63
1752657913842 0.22920814156532288 64
1752657913865 0.19229353964328766 65
1752657913889 0.19951008260250092 66
1752657913913 0.21295318007469177 67
1752657913936 0.2267267256975174 68
1752657913959 0.2122548371553421 69
1752657913981 0.20846512913703918 70
1752657914005 0.218436136841774 71
1752657914028 0.20884577929973602 72
1752657914055 0.189001202583313 73
1752657914191 0.20685821771621704 74
1752657914289 0.20846885442733765 75
1752657914322 0.21391475200653076 76
1752657914359 0.21579623222351074 77
1752657914396 0.19710293412208557 78
1752657914425 0.18667660653591156 79
1752657914456 0.17305363714694977 80
1752657914484 0.18842948973178864 81
1752657914507 0.1939697414636612 82
1752657914529 0.1942984014749527 83
1752657914551 0.18432052433490753 84
1752657914574 0.19939985871315002 85
1752657914596 0.18190811574459076 86
1752657914618 0.19771137833595276 87
1752657914638 0.17195241153240204 88
1752657914658 0.1967652589082718 89
1752657914680 0.1712743490934372 90
1752657914700 0.17126290500164032 91
1752657914721 0.18196897208690643 92
1752657914740 0.17088784277439117 93
1752657914759 0.16373074054718018 94
1752657914779 0.1623786836862564 95
1752657914800 0.1483844667673111 96
1752657914820 0.14912013709545135 97
1752657914840 0.14710314571857452 98
1752657914860 0.15293362736701965 99
1752657914881 0.15809056162834167 100
1752657914903 0.16200511157512665 101
1752657914923 0.1404643952846527 102
1752657914944 0.1713418811559677 103
1752657914964 0.1443401426076889 104
1752657915013 0.1504150629043579 105
1752657915071 0.1545099914073944 106
1752657915102 0.1547480672597885 107
1752657915126 0.12497726082801819 108
1752657915149 0.13665570318698883 109
1752657915173 0.1590593457221985 110
1752657915196 0.16315783560276031 111
1752657915220 0.14258292317390442 112
1752657915242 0.13403065502643585 113
1752657915263 0.14265324175357819 114
1752657915283 0.1242046132683754 115
1752657915305 0.130318745970726 116
1752657915327 0.13230639696121216 117
1752657915347 0.13671563565731049 118
1752657915368 0.13328862190246582 119
1752657915389 0.11057489365339279 120
1752657915410 0.12614676356315613 121
1752657915430 0.12433245033025742 122
1752657915451 0.11517976224422455 123
1752657915470 0.1253695785999298 124
1752657915490 0.11435054987668991 125
1752657915511 0.13903456926345825 126
1752657915531 0.11388524621725082 127
1752657915551 0.120948426425457 128
1752657915570 0.10863141715526581 129
1752657915593 0.1217445507645607 130
1752657915613 0.11149110645055771 131
1752657915633 0.11757364124059677 132
1752657915654 0.12062911689281464 133
1752657915674 0.11907970160245895 134
1752657915695 0.11675096303224564 135
1752657915716 0.10433945059776306 136
1752657915736 0.0848357304930687 137
1752657915757 0.09858047962188721 138
1752657915777 0.11607879400253296 139
1752657915798 0.10532224923372269 140
1752657915819 0.11440963298082352 141
1752657915840 0.09881555289030075 142
1752657915860 0.10831768065690994 143
1752657915880 0.10953719913959503 144
1752657915901 0.09114161878824234 145
1752657915921 0.0987839549779892 146
1752657915942 0.09127245098352432 147
1752657915961 0.09910307079553604 148
1752657915981 0.10682868957519531 149
1752657916001 0.10134565830230713 150
1752657916021 0.09745106846094131 151
1752657916042 0.09867032617330551 152
1752657916061 0.09224800765514374 153
1752657916082 0.09101716428995132 154
1752657916102 0.09822775423526764 155
1752657916121 0.10250161588191986 156
1752657916141 0.08577977865934372 157
1752657916166 0.08209850639104843 158
1752657916189 0.08679885417222977 159
1752657916213 0.08502359688282013 160
1752657916236 0.08584405481815338 161
1752657916258 0.08237498253583908 162
1752657916280 0.08690851181745529 163
1752657916301 0.09352467954158783 164
1752657916322 0.08810987323522568 165
1752657916342 0.08941709995269775 166
1752657916363 0.08589611947536469 167
1752657916383 0.07944198697805405 168
1752657916405 0.07325142621994019 169
1752657916442 0.07892170548439026 170
1752657916472 0.08329116553068161 171
1752657916497 0.08912360668182373 172
1752657916519 0.08326596766710281 173
1752657916546 0.08404658734798431 174
1752657916571 0.07858765870332718 175
1752657916592 0.08291728794574738 176
1752657916615 0.0814761370420456 177
1752657916636 0.08360002934932709 178
1752657916660 0.08335668593645096 179
1752657916695 0.07627572864294052 180
1752657916719 0.07172121107578278 181
1752657916743 0.07933204621076584 182
1752657916766 0.08117340505123138 183
1752657916788 0.0778997391462326 184
1752657916810 0.07599516212940216 185
1752657916832 0.06483624875545502 186
1752657916853 0.08698605000972748 187
1752657916873 0.07000867277383804 188
1752657916894 0.05993794649839401 189
1752657916916 0.07697128504514694 190
1752657916935 0.06951466202735901 191
1752657916957 0.06965740025043488 192
1752657916979 0.08895444869995117 193
1752657916998 0.06865908205509186 194
1752657917018 0.06991330534219742 195
1752657917039 0.06672386080026627 196
1752657917058 0.07563919574022293 197
1752657917078 0.06667810678482056 198
1752657917099 0.06276091188192368 199
