1752659087282 0.7602574825286865 0
1752659087289 0.7470307946205139 1
1752659087294 0.7338775396347046 2
1752659087299 0.7207865118980408 3
1752659087304 0.7077468633651733 4
1752659087309 0.6947479844093323 5
1752659087314 0.6817772388458252 6
1752659087319 0.6688216924667358 7
1752659087325 0.6558687090873718 8
1752659087330 0.642906129360199 9
1752659087335 0.6299223303794861 10
1752659087342 0.6169065833091736 11
1752659087348 0.6038495898246765 12
1752659087353 0.5907430052757263 13
1752659087359 0.5775799751281738 14
1752659087365 0.564354419708252 15
1752659087370 0.5510613322257996 16
1752659087376 0.5376968383789062 17
1752659087381 0.5242577195167542 18
1752659087386 0.5107421278953552 19
1752659087391 0.4971486032009125 20
1752659087397 0.4834771156311035 21
1752659087402 0.4697287678718567 22
1752659087408 0.45590582489967346 23
1752659087414 0.44201216101646423 24
1752659087419 0.42805320024490356 25
1752659087425 0.4140363335609436 26
1752659087430 0.39997100830078125 27
1752659087436 0.38586899638175964 28
1752659087441 0.37174493074417114 29
1752659087446 0.3576160967350006 30
1752659087452 0.34350302815437317 31
1752659087458 0.32942959666252136 32
1752659087464 0.3154231607913971 33
1752659087469 0.3015146553516388 34
1752659087475 0.2877385914325714 35
1752659087480 0.2741328775882721 36
1752659087485 0.2607385814189911 37
1752659087490 0.24759969115257263 38
1752659087495 0.23476235568523407 39
1752659087500 0.22227418422698975 40
1752659087506 0.210183247923851 41
1752659087513 0.19853685796260834 42
1752659087518 0.18737992644309998 43
1752659087524 0.17675350606441498 44
1752659087531 0.16669289767742157 45
1752659087537 0.15722599625587463 46
1752659087543 0.14837168157100677 47
1752659087548 0.14013837277889252 48
1752659087553 0.13252323865890503 49
1752659087558 0.1255117803812027 50
1752659087564 0.11907821148633957 51
1752659087570 0.11318658292293549 52
1752659087577 0.10779262334108353 53
1752659087583 0.10284621268510818 54
1752659087589 0.09829403460025787 55
1752659087594 0.09408247470855713 56
1752659087599 0.09016037732362747 57
1752659087605 0.08903731405735016 58
1752659087610 0.08794061839580536 59
1752659087615 0.08686672151088715 60
1752659087622 0.08581286668777466 61
1752659087627 0.08477694541215897 62
1752659087633 0.08375739306211472 63
1752659087638 0.08345533907413483 64
1752659087644 0.08315609395503998 65
1752659087755 0.08285948634147644 66
1752659087797 0.08256534487009048 67
1752659087838 0.08227353543043137 68
1752659087886 0.08198393881320953 69
1752659087933 0.08189763128757477 70
1752659087954 0.0818118005990982 71
1752659087966 0.08172643184661865 72
1752659087982 0.08164146542549133 73
1752659088004 0.08155687153339386 74
1752659088026 0.08147262781858444 75
1752659088046 0.08144745230674744 76
1752659088064 0.0814223513007164 77
1752659088080 0.08139730989933014 78
1752659088096 0.08137234300374985 79
1752659088108 0.08134742826223373 80
1752659088129 0.0813225656747818 81
1752659088143 0.08131512254476547 82
1752659088156 0.08130769431591034 83
1752659088170 0.08130025863647461 84
1752659088185 0.08129284530878067 85
1752659088202 0.08128543198108673 86
1752659088215 0.08127802610397339 87
1752659088226 0.08127497881650925 88
1752659088235 0.0812719315290451 89
1752659088251 0.08126889914274216 90
1752659088267 0.08126585185527802 91
1752659088298 0.08126281201839447 92
1752659088323 0.08125976473093033 93
1752659088345 0.08125671744346619 94
1752659088363 0.08125367760658264 95
1752659088382 0.0812506377696991 96
1752659088406 0.08124759793281555 97
1752659088431 0.08124455064535141 98
1752659088453 0.08124149590730667 99
1752659088486 0.08123844861984253 100
1752659088515 0.08123540133237839 101
1752659088536 0.08123235404491425 102
1752659088554 0.08122929185628891 103
1752659088596 0.08122623711824417 104
1752659088612 0.08122318238019943 105
1752659088630 0.0812201201915741 106
1752659088656 0.08121706545352936 107
1752659088692 0.08121401071548462 108
1752659088754 0.08121095597743988 109
1752659088785 0.08120787143707275 110
1752659088807 0.08120480924844742 111
1752659088829 0.08120173960924149 112
1752659088842 0.08119866251945496 113
1752659088856 0.08119557797908783 114
1752659088867 0.0811925008893013 115
1752659088884 0.08118942379951477 116
1752659088898 0.08118633925914764 117
1752659088911 0.08118325471878052 118
1752659088923 0.08118017017841339 119
1752659088950 0.08117707818746567 120
1752659088963 0.08117398619651794 121
1752659088976 0.08117088675498962 122
1752659088985 0.0811678022146225 123
1752659088995 0.08116468787193298 124
1752659089007 0.08116158843040466 125
1752659089017 0.08115848153829575 126
1752659089027 0.08115537464618683 127
1752659089037 0.08115226775407791 128
1752659089050 0.0811491459608078 129
1752659089064 0.08114603161811829 130
1752659089076 0.08114292472600937 131
1752659089088 0.08113979548215866 132
1752659089099 0.08113667368888855 133
1752659089109 0.08113353699445724 134
1752659089120 0.08113041520118713 135
1752659089130 0.08112727850675583 136
1752659089142 0.08112414926290512 137
1752659089150 0.08112101256847382 138
1752659089158 0.08111787587404251 139
1752659089167 0.08111473172903061 140
1752659089186 0.08111158013343811 141
1752659089206 0.08110843598842621 142
1752659089232 0.08110528439283371 143
1752659089241 0.08110213279724121 144
1752659089249 0.08109898120164871 145
1752659089259 0.08109582215547562 146
1752659089268 0.08109266310930252 147
1752659089277 0.08108950406312943 148
1752659089285 0.08108633756637573 149
1752659089294 0.08108317106962204 150
1752659089303 0.08108000457286835 151
1752659089312 0.08107683062553406 152
1752659089322 0.08107364922761917 153
1752659089329 0.08107047528028488 154
1752659089338 0.08106729388237 155
1752659089347 0.08106410503387451 156
1752659089356 0.08106093853712082 157
1752659089364 0.08105774968862534 158
1752659089372 0.08105455338954926 159
1752659089381 0.08105135709047318 160
1752659089393 0.08104816824197769 161
1752659089401 0.08104497939348221 162
1752659089410 0.08104176819324493 163
1752659089419 0.08103857189416885 164
1752659089428 0.08103536814451218 165
1752659089437 0.0810321643948555 166
1752659089446 0.08102896064519882 167
1752659089458 0.08102574944496155 168
1752659089468 0.08102253079414368 169
1752659089477 0.0810193195939064 170
1752659089487 0.08101610094308853 171
1752659089496 0.08101288229227066 172
1752659089504 0.08100966364145279 173
1752659089512 0.08100643008947372 174
1752659089522 0.08100321143865585 175
1752659089531 0.08099998533725739 176
1752659089543 0.08099674433469772 177
1752659089552 0.08099351823329926 178
1752659089562 0.08099028468132019 179
1752659089575 0.08098704367876053 180
1752659089588 0.08098381012678146 181
1752659089604 0.08098055422306061 182
1752659089628 0.08097731322050095 183
1752659089664 0.08097407966852188 184
1752659089705 0.08097082376480103 185
1752659089735 0.08096757531166077 186
1752659089759 0.0809643343091011 187
1752659089779 0.08096107095479965 188
1752659089798 0.0809578076004982 189
1752659089819 0.08095455914735794 190
1752659089842 0.08095129579305649 191
1752659089864 0.08094803243875504 192
1752659089883 0.08094476163387299 193
1752659089908 0.08094149827957153 194
1752659089920 0.08093822747468948 195
1752659089930 0.08093494921922684 196
1752659089943 0.08093167096376419 197
1752659089955 0.08092840760946274 198
1752659089965 0.0809251219034195 199
