1752741915494 0.7808471918106079 0
1752741915502 0.7688608765602112 1
1752741915510 0.7570704817771912 2
1752741915517 0.7454500794410706 3
1752741915524 0.7339701056480408 4
1752741915531 0.7226018905639648 5
1752741915539 0.7113187313079834 6
1752741915549 0.700093686580658 7
1752741915558 0.6888983845710754 8
1752741915566 0.6777042150497437 9
1752741915575 0.6664820909500122 10
1752741915583 0.6552029252052307 11
1752741915593 0.6438378095626831 12
1752741915603 0.632358193397522 13
1752741915614 0.6207361817359924 14
1752741915624 0.6089444756507874 15
1752741915635 0.5969572067260742 16
1752741915645 0.5847495794296265 17
1752741915655 0.5722981095314026 18
1752741915665 0.55958092212677 19
1752741915675 0.5465778708457947 20
1752741915684 0.5332706570625305 21
1752741915694 0.5196436643600464 22
1752741915704 0.505684494972229 23
1752741915713 0.49138450622558594 24
1752741915723 0.4767394959926605 25
1752741915733 0.4617501497268677 26
1752741915743 0.4464224874973297 27
1752741915753 0.4307681620121002 28
1752741915764 0.4148052930831909 29
1752741915775 0.3985585868358612 30
1752741915785 0.38205990195274353 31
1752741915793 0.3653486371040344 32
1752741915801 0.34847208857536316 33
1752741915810 0.3314855694770813 34
1752741915819 0.31445229053497314 35
1752741915827 0.29744288325309753 36
1752741915835 0.28053513169288635 37
1752741915844 0.26381242275238037 38
1752741915851 0.24736279249191284 39
1752741915860 0.23127640783786774 40
1752741915868 0.2156435251235962 41
1752741915876 0.20055164396762848 42
1752741915885 0.18608245253562927 43
1752741915893 0.17230845987796783 44
1752741915901 0.15929028391838074 45
1752741915911 0.14707380533218384 46
1752741915925 0.1356891691684723 47
1752741915937 0.12515059113502502 48
1752741915945 0.11545806378126144 49
1752741915954 0.10660048574209213 50
1752741915962 0.09856002777814865 51
1752741915971 0.09131753444671631 52
1752741915979 0.08485773950815201 53
1752741915987 0.07917279750108719 54
1752741915995 0.0742616355419159 55
1752741916003 0.07012156397104263 56
1752741916010 0.06672908365726471 57
1752741916018 0.06526102870702744 58
1752741916026 0.06386841833591461 59
1752741916033 0.06251126527786255 60
1752741916041 0.06115283817052841 61
1752741916049 0.059763435274362564 62
1752741916057 0.05832398682832718 63
1752741916067 0.05756780877709389 64
1752741916075 0.056771066039800644 65
1752741916084 0.05594167858362198 66
1752741916092 0.055089134722948074 67
1752741916099 0.05422372370958328 68
1752741916106 0.05335569754242897 69
1752741916114 0.05292181298136711 70
1752741916122 0.05248762294650078 71
1752741916129 0.05205545946955681 72
1752741916137 0.05162730813026428 73
1752741916145 0.05120484530925751 74
1752741916154 0.05078941583633423 75
1752741916161 0.05058465525507927 76
1752741916168 0.05038197711110115 77
1752741916175 0.05018152669072151 78
1752741916183 0.0499834381043911 79
1752741916198 0.04978778213262558 80
1752741916205 0.04959461838006973 81
1752741916213 0.049403972923755646 82
1752741916222 0.04921584576368332 83
1752741916230 0.049030229449272156 84
1752741916238 0.048847075551748276 85
1752741916246 0.04866635054349899 86
1752741916253 0.04848800599575043 87
1752741916260 0.048311974853277206 88
1752741916268 0.04813819006085396 89
1752741916276 0.04796657711267471 90
1752741916284 0.0477970652282238 91
1752741916292 0.04762959107756615 92
1752741916300 0.04746408015489578 93
1752741916308 0.047300443053245544 94
1752741916316 0.047138649970293045 95
1752741916325 0.04697861149907112 96
1752741916333 0.0468202643096447 97
1752741916340 0.04666358232498169 98
1752741916348 0.04650847613811493 99
1752741916357 0.04635492339730263 100
1752741916366 0.046202871948480606 101
1752741916375 0.04605228081345558 102
1752741916388 0.04590312018990517 103
1752741916398 0.045755352824926376 104
1752741916407 0.04560895636677742 105
1752741916417 0.04546390101313591 106
1752741916435 0.04532015696167946 107
1752741916455 0.04517771303653717 108
1752741916467 0.04503655433654785 109
1752741916476 0.044896651059389114 110
1752741916485 0.04475799575448036 111
1752741916492 0.044620580971241 112
1752741916501 0.04448438063263893 113
1752741916510 0.04434939846396446 114
1752741916519 0.044215619564056396 115
1752741916529 0.04408302903175354 116
1752741916537 0.043951615691185 117
1752741916545 0.04382137954235077 118
1752741916553 0.043692298233509064 119
1752741916561 0.04356437176465988 120
1752741916569 0.04343758523464203 121
1752741916579 0.0433119460940361 122
1752741916589 0.043187420815229416 123
1752741916597 0.04306401312351227 124
1752741916605 0.042941704392433167 125
1752741916614 0.04282049089670181 126
1752741916622 0.04270036146044731 127
1752741916630 0.04258130490779877 128
1752741916637 0.042463306337594986 129
1752741916645 0.04234636202454567 130
1752741916654 0.04223046451807022 131
1752741916662 0.04211558401584625 132
1752741916670 0.04200172424316406 133
1752741916678 0.041888874024152756 134
1752741916687 0.04177701100707054 135
1752741916697 0.04166613519191742 136
1752741916706 0.041556235402822495 137
1752741916715 0.04144729673862457 138
1752741916723 0.04133930802345276 139
1752741916731 0.041232261806726456 140
1752741916739 0.04112614691257477 141
1752741916747 0.0410209484398365 142
1752741916755 0.04091665893793106 143
1752741916763 0.040813274681568146 144
1752741916772 0.040710773319005966 145
1752741916780 0.04060915485024452 146
1752741916788 0.04050841182470322 147
1752741916797 0.04040852189064026 148
1752741916805 0.04030948877334595 149
1752741916813 0.04021129757165909 150
1752741916821 0.04011394828557968 151
1752741916830 0.040017418563365936 152
1752741916837 0.039921704679727554 153
1752741916845 0.039826806634664536 154
1752741916855 0.039732709527015686 155
1752741916863 0.03963940590620041 156
1752741916869 0.03954688832163811 157
1752741916876 0.039455149322748184 158
1752741916884 0.03936418518424034 159
1752741916893 0.039273981004953384 160
1752741916901 0.03918452933430672 161
1752741916909 0.03909582644701004 162
1752741916918 0.03900787606835365 163
1752741916926 0.038920652121305466 164
1752741916934 0.038834162056446075 165
1752741916942 0.03874837979674339 166
1752741916949 0.03866332769393921 167
1752741916958 0.03857897222042084 168
1752741916967 0.038495324552059174 169
1752741916975 0.03841236233711243 170
1752741916983 0.038330089300870895 171
1752741916990 0.03824849799275398 172
1752741916998 0.03816758096218109 173
1752741917006 0.03808733448386192 174
1752741917014 0.03800775110721588 175
1752741917022 0.03792881593108177 176
1752741917029 0.03785053640604019 177
1752741917036 0.03777289018034935 178
1752741917044 0.03769588842988014 179
1752741917052 0.03761952370405197 180
1752741917060 0.03754376992583275 181
1752741917069 0.03746863827109337 182
1752741917078 0.03739412873983383 183
1752741917086 0.03732021525502205 184
1752741917095 0.037246912717819214 185
1752741917104 0.03717419505119324 186
1752741917113 0.03710208088159561 187
1752741917121 0.03703054413199425 188
1752741917128 0.03695958852767944 189
1752741917136 0.036889202892780304 190
1752741917144 0.03681938350200653 191
1752741917153 0.036750130355358124 192
1752741917162 0.036681436002254486 193
1752741917171 0.03661329299211502 194
1752741917179 0.03654569387435913 195
1752741917188 0.03647864609956741 196
1752741917196 0.03641212359070778 197
1752741917204 0.03634613752365112 198
1752741917211 0.03628068044781685 199
