1752658102131 0.9806315898895264 0
1752658102149 0.9488394260406494 1
1752658102165 0.9435648918151855 2
1752658102191 0.905552089214325 3
1752658102220 0.9139918088912964 4
1752658102243 0.8533576726913452 5
1752658102262 0.8552709817886353 6
1752658102279 0.8399105668067932 7
1752658102297 0.824863851070404 8
1752658102317 0.8182066082954407 9
1752658102347 0.8044642806053162 10
1752658102369 0.786257266998291 11
1752658102386 0.7944095730781555 12
1752658102417 0.7388502359390259 13
1752658102434 0.7680650949478149 14
1752658102453 0.7380965948104858 15
1752658102469 0.7275868654251099 16
1752658102485 0.7213185429573059 17
1752658102503 0.6866999864578247 18
1752658102520 0.667141318321228 19
1752658102543 0.66069495677948 20
1752658102567 0.6271777749061584 21
1752658102592 0.6365793943405151 22
1752658102621 0.6217988133430481 23
1752658102653 0.6211442351341248 24
1752658102688 0.6015356779098511 25
1752658102716 0.5795612931251526 26
1752658102744 0.5890825986862183 27
1752658102777 0.578563392162323 28
1752658102805 0.5753750205039978 29
1752658102834 0.5488958954811096 30
1752658102865 0.5476937890052795 31
1752658102893 0.5578387975692749 32
1752658102917 0.5298289656639099 33
1752658102941 0.5101500153541565 34
1752658102963 0.5080445408821106 35
1752658102984 0.5211210250854492 36
1752658103005 0.49490416049957275 37
1752658103027 0.5089743137359619 38
1752658103050 0.481997549533844 39
1752658103073 0.451995313167572 40
1752658103096 0.44682493805885315 41
1752658103119 0.4521353840827942 42
1752658103141 0.42513129115104675 43
1752658103163 0.44286873936653137 44
1752658103185 0.4125179350376129 45
1752658103206 0.42064499855041504 46
1752658103231 0.4310781955718994 47
1752658103257 0.4170098304748535 48
1752658103282 0.4176245331764221 49
1752658103306 0.410922110080719 50
1752658103333 0.3669698238372803 51
1752658103356 0.39906662702560425 52
1752658103376 0.3973788917064667 53
1752658103398 0.3741479516029358 54
1752658103420 0.34286001324653625 55
1752658103441 0.36143553256988525 56
1752658103461 0.3529583811759949 57
1752658103481 0.35921669006347656 58
1752658103500 0.3597103953361511 59
1752658103522 0.3455497920513153 60
1752658103543 0.3609839677810669 61
1752658103563 0.3235090374946594 62
1752658103582 0.3279074728488922 63
1752658103602 0.32253584265708923 64
1752658103622 0.31000226736068726 65
1752658103643 0.29431575536727905 66
1752658103662 0.3047196865081787 67
1752658103689 0.2768959701061249 68
1752658103710 0.3069426119327545 69
1752658103731 0.2766660153865814 70
1752658103751 0.2594621479511261 71
1752658103771 0.2649414539337158 72
1752658103790 0.2559349238872528 73
1752658103811 0.24786494672298431 74
1752658103832 0.2569250166416168 75
1752658103853 0.25607940554618835 76
1752658103871 0.22855406999588013 77
1752658103891 0.25345826148986816 78
1752658103910 0.2318703532218933 79
1752658103931 0.23500998318195343 80
1752658103950 0.23851445317268372 81
1752658103970 0.20857791602611542 82
1752658103990 0.22955496609210968 83
1752658104008 0.23229679465293884 84
1752658104028 0.20168174803256989 85
1752658104048 0.199710875749588 86
1752658104068 0.21437561511993408 87
1752658104087 0.20361077785491943 88
1752658104106 0.21067526936531067 89
1752658104127 0.1751537322998047 90
1752658104148 0.19327884912490845 91
1752658104169 0.2011784017086029 92
1752658104189 0.19948247075080872 93
1752658104209 0.20087963342666626 94
1752658104228 0.17540165781974792 95
1752658104247 0.1776459962129593 96
1752658104269 0.1655290275812149 97
1752658104288 0.15853251516819 98
1752658104309 0.1682480275630951 99
1752658104331 0.18327075242996216 100
1752658104351 0.1560368835926056 101
1752658104370 0.1573079377412796 102
1752658104391 0.15504954755306244 103
1752658104411 0.15805067121982574 104
1752658104431 0.14569774270057678 105
1752658104450 0.15509608387947083 106
1752658104471 0.16084900498390198 107
1752658104490 0.14251011610031128 108
1752658104509 0.13005699217319489 109
1752658104531 0.12942713499069214 110
1752658104551 0.12442365288734436 111
1752658104570 0.16907283663749695 112
1752658104588 0.12768059968948364 113
1752658104609 0.1453004777431488 114
1752658104629 0.11233503371477127 115
1752658104650 0.11721265316009521 116
1752658104672 0.12091617286205292 117
1752658104692 0.12236245721578598 118
1752658104711 0.11873548477888107 119
1752658104734 0.12650258839130402 120
1752658104755 0.11770766973495483 121
1752658104777 0.12129802256822586 122
1752658104799 0.11221164464950562 123
1752658104819 0.12053163349628448 124
1752658104840 0.1285165697336197 125
1752658104860 0.10133606940507889 126
1752658104881 0.08854027837514877 127
1752658104903 0.13021701574325562 128
1752658104924 0.0973389595746994 129
1752658104947 0.08573921769857407 130
1752658104968 0.0918627604842186 131
1752658104988 0.08551372587680817 132
1752658105009 0.10226967930793762 133
1752658105028 0.09073091298341751 134
1752658105048 0.09935985505580902 135
1752658105067 0.11064703017473221 136
1752658105087 0.06981690973043442 137
1752658105108 0.07525432109832764 138
1752658105129 0.10512915998697281 139
1752658105151 0.07812897115945816 140
1752658105172 0.08659835159778595 141
1752658105193 0.08375316113233566 142
1752658105214 0.08925275504589081 143
1752658105234 0.08123461157083511 144
1752658105253 0.08785802870988846 145
1752658105272 0.07065169513225555 146
1752658105293 0.07309482991695404 147
1752658105312 0.07156623154878616 148
1752658105333 0.08404698967933655 149
1752658105354 0.08744260668754578 150
1752658105375 0.08755873143672943 151
1752658105394 0.08273180574178696 152
1752658105414 0.08670675754547119 153
1752658105434 0.07092224061489105 154
1752658105455 0.07166635990142822 155
1752658105473 0.09218820184469223 156
1752658105492 0.06253347545862198 157
1752658105513 0.0674339011311531 158
1752658105534 0.060833919793367386 159
1752658105554 0.0755045935511589 160
1752658105577 0.0724208876490593 161
1752658105597 0.0711505338549614 162
1752658105616 0.06788318604230881 163
1752658105636 0.06204040348529816 164
1752658105656 0.06341240555047989 165
1752658105675 0.06197240576148033 166
1752658105696 0.07479618489742279 167
1752658105716 0.04841242730617523 168
1752658105735 0.06136644631624222 169
1752658105755 0.0705263763666153 170
1752658105775 0.06730474531650543 171
1752658105795 0.07120893150568008 172
1752658105815 0.059908218681812286 173
1752658105836 0.06278889626264572 174
1752658105858 0.0696760043501854 175
1752658105879 0.07134539633989334 176
1752658105899 0.056418001651763916 177
1752658105918 0.06310726702213287 178
1752658105939 0.0738055482506752 179
1752658105959 0.06199386715888977 180
1752658105979 0.06261282414197922 181
1752658105999 0.07184776663780212 182
1752658106019 0.06392986327409744 183
1752658106038 0.07289547473192215 184
1752658106056 0.05860337242484093 185
1752658106077 0.05824635550379753 186
1752658106097 0.05046910047531128 187
1752658106117 0.058692313730716705 188
1752658106136 0.05951621010899544 189
1752658106157 0.06000545248389244 190
1752658106178 0.049614422023296356 191
1752658106196 0.06000344082713127 192
1752658106215 0.059078436344861984 193
1752658106235 0.0609632283449173 194
1752658106254 0.052423059940338135 195
1752658106273 0.055242184549570084 196
1752658106293 0.056190576404333115 197
1752658106312 0.062006253749132156 198
1752658106330 0.058778226375579834 199
