1752658569849 0.5604236125946045 0
1752658569867 0.5592156648635864 1
1752658569886 0.557615339756012 2
1752658569903 0.5563721060752869 3
1752658569920 0.5554625391960144 4
1752658569936 0.5548638105392456 5
1752658569954 0.5525399446487427 6
1752658569971 0.5505034923553467 7
1752658569987 0.5502023100852966 8
1752658570004 0.5493963360786438 9
1752658570022 0.5470101833343506 10
1752658570039 0.5460694432258606 11
1752658570056 0.545390784740448 12
1752658570073 0.5438551306724548 13
1752658570090 0.542221188545227 14
1752658570106 0.5413680672645569 15
1752658570124 0.5396551489830017 16
1752658570141 0.5388176441192627 17
1752658570158 0.5374253988265991 18
1752658570174 0.5354135036468506 19
1752658570192 0.5345717072486877 20
1752658570210 0.533816397190094 21
1752658570249 0.5331430435180664 22
1752658570420 0.53193598985672 23
1752658570459 0.5296555757522583 24
1752658570520 0.52860027551651 25
1752658570554 0.5273024439811707 26
1752658570590 0.5244459509849548 27
1752658570632 0.5244256854057312 28
1752658570668 0.5222733616828918 29
1752658570710 0.5212914943695068 30
1752658570746 0.5190130472183228 31
1752658570772 0.5184458494186401 32
1752658570797 0.5165725946426392 33
1752658570822 0.514643669128418 34
1752658570846 0.5119578242301941 35
1752658570871 0.5111343264579773 36
1752658570893 0.5093368291854858 37
1752658570914 0.5056533813476562 38
1752658570935 0.5044930577278137 39
1752658570959 0.5014352798461914 40
1752658571020 0.5009208917617798 41
1752658571042 0.4968493580818176 42
1752658571063 0.4949471354484558 43
1752658571091 0.4950432777404785 44
1752658571130 0.48860788345336914 45
1752658571156 0.48615342378616333 46
1752658571181 0.4826819598674774 47
1752658571204 0.4791911542415619 48
1752658571226 0.4758966267108917 49
1752658571251 0.47422927618026733 50
1752658571273 0.47128158807754517 51
1752658571296 0.4659605622291565 52
1752658571318 0.4639303684234619 53
1752658571339 0.4605034589767456 54
1752658571361 0.45689040422439575 55
1752658571382 0.4524126350879669 56
1752658571405 0.4521046578884125 57
1752658571426 0.44848939776420593 58
1752658571447 0.4408218264579773 59
1752658571470 0.4348273277282715 60
1752658571493 0.43616005778312683 61
1752658571522 0.42985999584198 62
1752658571550 0.42498481273651123 63
1752658571576 0.4200304448604584 64
1752658571599 0.4175381660461426 65
1752658571623 0.41148641705513 66
1752658571649 0.40609681606292725 67
1752658571674 0.4018019735813141 68
1752658571699 0.39777761697769165 69
1752658571726 0.393241286277771 70
1752658571781 0.3881728947162628 71
1752658571806 0.38511180877685547 72
1752658571830 0.37451887130737305 73
1752658571856 0.37235021591186523 74
1752658571880 0.3645501136779785 75
1752658571905 0.3600703477859497 76
1752658571929 0.3504546582698822 77
1752658571953 0.34715837240219116 78
1752658571976 0.34206312894821167 79
1752658572006 0.3329690396785736 80
1752658572042 0.32831910252571106 81
1752658572071 0.3233148157596588 82
1752658572096 0.31340673565864563 83
1752658572119 0.30877918004989624 84
1752658572145 0.3044564127922058 85
1752658572166 0.3038138747215271 86
1752658572189 0.28814777731895447 87
1752658572213 0.28211966156959534 88
1752658572235 0.27243125438690186 89
1752658572259 0.2676583230495453 90
1752658572281 0.25789862871170044 91
1752658572305 0.256063312292099 92
1752658572327 0.2461506724357605 93
1752658572350 0.24668079614639282 94
1752658572371 0.23343631625175476 95
1752658572393 0.2304871827363968 96
1752658572417 0.22612933814525604 97
1752658572441 0.2157559096813202 98
1752658572462 0.21614861488342285 99
1752658572485 0.20558367669582367 100
1752658572509 0.1974136084318161 101
1752658572531 0.1926794797182083 102
1752658572555 0.18522751331329346 103
1752658572578 0.1766669899225235 104
1752658572601 0.16927243769168854 105
1752658572624 0.1704270839691162 106
1752658572646 0.1611519157886505 107
1752658572669 0.15206041932106018 108
1752658572691 0.14929698407649994 109
1752658572715 0.14630450308322906 110
1752658572738 0.13434343039989471 111
1752658572762 0.13704973459243774 112
1752658572783 0.13298901915550232 113
1752658572806 0.12614873051643372 114
1752658572828 0.12860648334026337 115
1752658572851 0.11958570033311844 116
1752658572874 0.11157678812742233 117
1752658572897 0.10964906960725784 118
1752658572920 0.10437246412038803 119
1752658572943 0.1017453521490097 120
1752658572967 0.10391301661729813 121
1752658572990 0.09425250440835953 122
1752658573011 0.09470830112695694 123
1752658573033 0.08618301153182983 124
1752658573056 0.08635162562131882 125
1752658573080 0.08075140416622162 126
1752658573101 0.08903541415929794 127
1752658573124 0.07562210410833359 128
1752658573146 0.07904180884361267 129
1752658573169 0.07745147496461868 130
1752658573192 0.07353197038173676 131
1752658573214 0.0716228038072586 132
1752658573237 0.06870269775390625 133
1752658573260 0.06650593131780624 134
1752658573282 0.06458912789821625 135
1752658573304 0.06327781826257706 136
1752658573329 0.06336203217506409 137
1752658573352 0.0643455982208252 138
1752658573374 0.06148857995867729 139
1752658573399 0.056690093129873276 140
1752658573421 0.059042491018772125 141
1752658573445 0.06225708872079849 142
1752658573468 0.052488021552562714 143
1752658573493 0.05404103174805641 144
1752658573516 0.05143934488296509 145
1752658573538 0.0506071075797081 146
1752658573560 0.05239351466298103 147
1752658573583 0.05021647736430168 148
1752658573606 0.05352462828159332 149
1752658573629 0.05194786936044693 150
1752658573653 0.049665480852127075 151
1752658573678 0.04476227983832359 152
1752658573704 0.04759615659713745 153
1752658573727 0.04669130966067314 154
1752658573750 0.04437965899705887 155
1752658573774 0.04553913325071335 156
1752658573800 0.04397677257657051 157
1752658573824 0.04344647005200386 158
1752658573847 0.042586781084537506 159
1752658573873 0.045013248920440674 160
1752658573896 0.04149840399622917 161
1752658573919 0.04011906310915947 162
1752658573942 0.03915775194764137 163
1752658573967 0.03826785832643509 164
1752658573994 0.03946204483509064 165
1752658574020 0.038891032338142395 166
1752658574048 0.04142734035849571 167
1752658574075 0.038996946066617966 168
1752658574104 0.038522303104400635 169
1752658574130 0.037289779633283615 170
1752658574153 0.03839024901390076 171
1752658574177 0.03683725371956825 172
1752658574201 0.03716979920864105 173
1752658574225 0.03909478336572647 174
1752658574247 0.037566184997558594 175
1752658574271 0.03791530430316925 176
1752658574293 0.034655436873435974 177
1752658574317 0.0367121659219265 178
1752658574346 0.037971381098032 179
1752658574374 0.035162925720214844 180
1752658574399 0.033140212297439575 181
1752658574436 0.03646782413125038 182
1752658574471 0.0344601571559906 183
1752658574502 0.0364173948764801 184
1752658574532 0.03354812413454056 185
1752658574560 0.03642161190509796 186
1752658574587 0.036024127155542374 187
1752658574613 0.03816862031817436 188
1752658574638 0.03317348286509514 189
1752658574666 0.035275429487228394 190
1752658574692 0.033309485763311386 191
1752658574715 0.03510750085115433 192
1752658574741 0.030607257038354874 193
1752658574766 0.03279641270637512 194
1752658574788 0.03057014010846615 195
1752658574812 0.03618575632572174 196
1752658574836 0.03416048735380173 197
1752658574858 0.03153837472200394 198
1752658574881 0.03133893013000488 199
