1752659605660 0.7058035135269165 0
1752659605667 0.6957510113716125 1
1752659605673 0.685777485370636 2
1752659605678 0.675857663154602 3
1752659605684 0.6659570932388306 4
1752659605689 0.6560460329055786 5
1752659605694 0.646101713180542 6
1752659605699 0.6361033320426941 7
1752659605704 0.6260293126106262 8
1752659605709 0.6158578395843506 9
1752659605714 0.6055684089660645 10
1752659605721 0.5951416492462158 11
1752659605727 0.5845609307289124 12
1752659605733 0.5738114714622498 13
1752659605739 0.5628809332847595 14
1752659605744 0.5517590045928955 15
1752659605749 0.5404371619224548 16
1752659605755 0.5289093255996704 17
1752659605760 0.5171710252761841 18
1752659605766 0.5052199363708496 19
1752659605771 0.49305588006973267 20
1752659605777 0.4806809723377228 21
1752659605783 0.46809959411621094 22
1752659605789 0.45531803369522095 23
1752659605795 0.4423447549343109 24
1752659605801 0.42919015884399414 25
1752659605806 0.4158661663532257 26
1752659605812 0.40238669514656067 27
1752659605818 0.38876697421073914 28
1752659605823 0.3750241696834564 29
1752659605829 0.36117714643478394 30
1752659605836 0.34724685549736023 31
1752659605841 0.33325666189193726 32
1752659605847 0.31923234462738037 33
1752659605852 0.30520275235176086 34
1752659605858 0.2911995053291321 35
1752659605863 0.2772577106952667 36
1752659605869 0.26341575384140015 37
1752659605874 0.2497154176235199 38
1752659605879 0.2362021952867508 39
1752659605884 0.22292473912239075 40
1752659605889 0.20993463695049286 41
1752659605895 0.1972857564687729 42
1752659605900 0.18503333628177643 43
1752659605906 0.1732325404882431 44
1752659605914 0.16193722188472748 45
1752659605920 0.15119776129722595 46
1752659605926 0.14105916023254395 47
1752659605932 0.1315586268901825 48
1752659605937 0.12272345274686813 49
1752659605943 0.11456885933876038 50
1752659605950 0.10709640383720398 51
1752659605956 0.10029328614473343 52
1752659605962 0.09413261711597443 53
1752659605967 0.08857482671737671 54
1752659605973 0.08357030898332596 55
1752659605978 0.07906278967857361 56
1752659605984 0.07499299943447113 57
1752659605990 0.07130209356546402 58
1752659605996 0.06793404370546341 59
1752659606002 0.06697655469179153 60
1752659606009 0.06603523343801498 61
1752659606015 0.06510674953460693 62
1752659606021 0.06418880820274353 63
1752659606028 0.06327997148036957 64
1752659606035 0.06237947568297386 65
1752659606041 0.06211066246032715 66
1752659606047 0.061842139810323715 67
1752659606053 0.061574023216962814 68
1752659606059 0.061306510120630264 69
1752659606066 0.061039701104164124 70
1752659606072 0.06077377125620842 71
1752659606078 0.06069421395659447 72
1752659606084 0.060614798218011856 73
1752659606091 0.06053554266691208 74
1752659606098 0.06045645475387573 75
1752659606104 0.06037755683064461 76
1752659606111 0.06029884144663811 77
1752659606117 0.06027526780962944 78
1752659606123 0.06025174632668495 79
1752659606130 0.06022825092077255 80
1752659606137 0.06020480394363403 81
1752659606144 0.060181379318237305 82
1752659606150 0.06015799194574356 83
1752659606158 0.06015098839998245 84
1752659606164 0.060143981128931046 85
1752659606170 0.060136985033750534 86
1752659606175 0.06012999266386032 87
1752659606181 0.060123007744550705 88
1752659606187 0.06011603772640228 89
1752659606194 0.06011316552758217 90
1752659606200 0.06011029705405235 91
1752659606207 0.06010742858052254 92
1752659606214 0.06010456010699272 93
1752659606221 0.060101695358753204 94
1752659606227 0.060098834335803986 95
1752659606233 0.06009596586227417 96
1752659606240 0.06009310111403465 97
1752659606247 0.060090240091085434 98
1752659606253 0.060087379068136215 99
1752659606260 0.0600845143198967 100
1752659606268 0.06008164584636688 101
1752659606276 0.060078784823417664 102
1752659606283 0.060075920075178146 103
1752659606291 0.06007305160164833 104
1752659606299 0.060070186853408813 105
1752659606308 0.060067318379879 106
1752659606316 0.06006445363163948 107
1752659606324 0.060061581432819366 108
1752659606332 0.06005870923399925 109
1752659606340 0.060055848211050034 110
1752659606349 0.06005296856164932 111
1752659606358 0.060050107538700104 112
1752659606366 0.06004723906517029 113
1752659606374 0.060044363141059875 114
1752659606382 0.06004149094223976 115
1752659606390 0.06003860756754875 116
1752659606398 0.06003573164343834 117
1752659606406 0.060032859444618225 118
1752659606414 0.06002997234463692 119
1752659606423 0.060027096420526505 120
1752659606432 0.060024213045835495 121
1752659606440 0.06002132594585419 122
1752659606449 0.060018450021743774 123
1752659606457 0.060015562921762466 124
1752659606465 0.06001267582178116 125
1752659606472 0.06000978499650955 126
1752659606481 0.060006897896528244 127
1752659606489 0.06000399962067604 128
1752659606497 0.060001108795404434 129
1752659606505 0.059998221695423126 130
1752659606513 0.05999532341957092 131
1752659606522 0.05999241769313812 132
1752659606531 0.059989530593156815 133
1752659606540 0.059986624866724014 134
1752659606548 0.059983719140291214 135
1752659606557 0.059980809688568115 136
1752659606565 0.05997791141271591 137
1752659606572 0.05997500941157341 138
1752659606580 0.05997209623456001 139
1752659606588 0.059969186782836914 140
1752659606597 0.059966277331113815 141
1752659606605 0.05996336042881012 142
1752659606613 0.059960443526506424 143
1752659606621 0.059957537800073624 144
1752659606629 0.059954605996608734 145
1752659606636 0.059951696544885635 146
1752659606644 0.05994877219200134 147
1752659606652 0.059945859014987946 148
1752659606659 0.05994292348623276 149
1752659606666 0.059939999133348465 150
1752659606674 0.059937067329883575 151
1752659606681 0.05993415042757988 152
1752659606689 0.05993121489882469 153
1752659606695 0.0599282905459404 154
1752659606703 0.059925343841314316 155
1752659606711 0.059922415763139725 156
1752659606718 0.05991947278380394 157
1752659606725 0.05991653725504875 158
1752659606732 0.05991359427571297 159
1752659606739 0.059910647571086884 160
1752659606749 0.059907712042331696 161
1752659606756 0.05990476533770561 162
1752659606764 0.05990181863307953 163
1752659606771 0.05989886820316315 164
1752659606779 0.05989592522382736 165
1752659606787 0.05989297106862068 166
1752659606802 0.059890016913414 167
1752659606813 0.05988705903291702 168
1752659606822 0.05988410487771034 169
1752659606838 0.05988115072250366 170
1752659606847 0.059878185391426086 171
1752659606855 0.05987522751092911 172
1752659606863 0.05987226590514183 173
1752659606871 0.059869300574064255 174
1752659606880 0.05986633896827698 175
1752659606889 0.059863366186618805 176
1752659606897 0.05986040085554123 177
1752659606905 0.05985742807388306 178
1752659606913 0.059854455292224884 179
1752659606921 0.05985148251056671 180
1752659606930 0.05984850972890854 181
1752659606938 0.05984553322196007 182
1752659606947 0.059842560440301895 183
1752659606955 0.05983957648277283 184
1752659606962 0.05983658879995346 185
1752659606969 0.05983361229300499 186
1752659606977 0.05983062833547592 187
1752659606985 0.059827640652656555 188
1752659606992 0.05982465669512749 189
1752659606999 0.05982166528701782 190
1752659607007 0.059818681329488754 191
1752659607014 0.05981568247079849 192
1752659607023 0.05981268733739853 193
1752659607030 0.059809695929288864 194
1752659607037 0.0598067082464695 195
1752659607044 0.059803709387779236 196
1752659607051 0.05980070307850838 197
1752659607059 0.05979771167039871 198
1752659607067 0.05979471281170845 199
