1752658210147 0.8170164823532104 0
1752658210163 0.7731025218963623 1
1752658210179 0.7634178996086121 2
1752658210195 0.7257302403450012 3
1752658210210 0.7197576761245728 4
1752658210224 0.6557227969169617 5
1752658210239 0.6256273984909058 6
1752658210254 0.5853387117385864 7
1752658210269 0.5621051788330078 8
1752658210283 0.5502414107322693 9
1752658210300 0.5093238949775696 10
1752658210317 0.5026828050613403 11
1752658210333 0.5147141814231873 12
1752658210348 0.5064657926559448 13
1752658210363 0.5098711848258972 14
1752658210379 0.4816493093967438 15
1752658210395 0.456186443567276 16
1752658210411 0.43718114495277405 17
1752658210426 0.4338057041168213 18
1752658210441 0.40170472860336304 19
1752658210458 0.3810324966907501 20
1752658210476 0.38601431250572205 21
1752658210497 0.3631878197193146 22
1752658210515 0.3479122221469879 23
1752658210532 0.3249630630016327 24
1752658210548 0.3132835924625397 25
1752658210565 0.3304849863052368 26
1752658210582 0.2926357090473175 27
1752658210599 0.3053153455257416 28
1752658210616 0.3046354055404663 29
1752658210635 0.2723429203033447 30
1752658210659 0.2809923589229584 31
1752658210688 0.26699066162109375 32
1752658210810 0.2680005729198456 33
1752658210893 0.22679710388183594 34
1752658210930 0.21491707861423492 35
1752658210978 0.23564884066581726 36
1752658211019 0.22637145221233368 37
1752658211051 0.21203036606311798 38
1752658211079 0.19946953654289246 39
1752658211109 0.17789265513420105 40
1752658211136 0.17045685648918152 41
1752658211159 0.18020229041576385 42
1752658211182 0.15171845257282257 43
1752658211206 0.16189171373844147 44
1752658211229 0.20057198405265808 45
1752658211249 0.1378587782382965 46
1752658211269 0.12934184074401855 47
1752658211294 0.14149115979671478 48
1752658211337 0.11526670306921005 49
1752658211432 0.133489727973938 50
1752658211452 0.15006497502326965 51
1752658211472 0.12494996935129166 52
1752658211493 0.11703374981880188 53
1752658211513 0.11133939772844315 54
1752658211532 0.09678062796592712 55
1752658211552 0.09256038814783096 56
1752658211571 0.10735049843788147 57
1752658211601 0.09521513432264328 58
1752658211691 0.0970979779958725 59
1752658211726 0.08573801070451736 60
1752658211754 0.09122543036937714 61
1752658211781 0.08162076771259308 62
1752658211805 0.08233657479286194 63
1752658211828 0.08409008383750916 64
1752658211851 0.0694151446223259 65
1752658211874 0.06904153525829315 66
1752658211896 0.06304778158664703 67
1752658211920 0.0632508397102356 68
1752658211943 0.05821754410862923 69
1752658211965 0.06715413928031921 70
1752658211985 0.06442584842443466 71
1752658212004 0.07016529142856598 72
1752658212023 0.0781978964805603 73
1752658212042 0.06313618272542953 74
1752658212062 0.058334801346063614 75
1752658212082 0.06549926847219467 76
1752658212101 0.06953714787960052 77
1752658212122 0.05600134655833244 78
1752658212142 0.0662730261683464 79
1752658212165 0.06091897934675217 80
1752658212184 0.04940195009112358 81
1752658212205 0.057051267474889755 82
1752658212227 0.0622984953224659 83
1752658212247 0.05509591102600098 84
1752658212267 0.0575714185833931 85
1752658212289 0.05651494115591049 86
1752658212310 0.0562867745757103 87
1752658212330 0.058239202946424484 88
1752658212351 0.05530164763331413 89
1752658212372 0.05669756978750229 90
1752658212393 0.06264171004295349 91
1752658212413 0.05071314051747322 92
1752658212433 0.050315722823143005 93
1752658212454 0.05860854312777519 94
1752658212472 0.053291261196136475 95
1752658212491 0.05276753380894661 96
1752658212511 0.052916210144758224 97
1752658212531 0.048178330063819885 98
1752658212551 0.06260307878255844 99
1752658212574 0.04376361146569252 100
1752658212594 0.04377949982881546 101
1752658212616 0.04362983629107475 102
1752658212638 0.051559437066316605 103
1752658212658 0.05162971466779709 104
1752658212679 0.049292050302028656 105
1752658212723 0.053508758544921875 106
1752658212755 0.046375151723623276 107
1752658212776 0.04411974176764488 108
1752658212797 0.04111037030816078 109
1752658212820 0.04902128502726555 110
1752658212844 0.046245139092206955 111
1752658212868 0.0482029914855957 112
1752658212891 0.05372055247426033 113
1752658212913 0.04307350516319275 114
1752658212934 0.04592811316251755 115
1752658212956 0.04171205312013626 116
1752658212978 0.04108068346977234 117
1752658213005 0.052284032106399536 118
1752658213032 0.04784679412841797 119
1752658213059 0.04388849064707756 120
1752658213082 0.041835129261016846 121
1752658213103 0.04366529732942581 122
1752658213125 0.0467023104429245 123
1752658213146 0.038285911083221436 124
1752658213167 0.042966391891241074 125
1752658213188 0.04279325529932976 126
1752658213208 0.04021533578634262 127
1752658213229 0.03877009451389313 128
1752658213249 0.03691861405968666 129
1752658213273 0.04014737904071808 130
1752658213294 0.03769243136048317 131
1752658213316 0.03816472738981247 132
1752658213338 0.0393567718565464 133
1752658213358 0.03540954366326332 134
1752658213378 0.04365789517760277 135
1752658213400 0.043545935302972794 136
1752658213419 0.035635340958833694 137
1752658213439 0.03975945711135864 138
1752658213464 0.04068909212946892 139
1752658213488 0.04461836442351341 140
1752658213510 0.037999026477336884 141
1752658213532 0.039242155849933624 142
1752658213552 0.04487691447138786 143
1752658213573 0.03989138826727867 144
1752658213593 0.04334664344787598 145
1752658213615 0.037758130580186844 146
1752658213634 0.04884367808699608 147
1752658213656 0.040063630789518356 148
1752658213676 0.04166005179286003 149
1752658213698 0.040331508964300156 150
1752658213720 0.03793257847428322 151
1752658213740 0.038592319935560226 152
1752658213761 0.040660593658685684 153
1752658213786 0.03753381967544556 154
1752658213814 0.03424154967069626 155
1752658213839 0.03689766675233841 156
1752658213861 0.0391993373632431 157
1752658213885 0.04627758264541626 158
1752658213905 0.04129422456026077 159
1752658213928 0.03690829128026962 160
1752658213952 0.04190671816468239 161
1752658213980 0.040315963327884674 162
1752658214013 0.03851323947310448 163
1752658214039 0.041549816727638245 164
1752658214061 0.03694391995668411 165
1752658214081 0.036592014133930206 166
1752658214102 0.03992203250527382 167
1752658214122 0.04106159508228302 168
1752658214143 0.03888512775301933 169
1752658214165 0.03659985214471817 170
1752658214186 0.03451048582792282 171
1752658214207 0.03782890737056732 172
1752658214228 0.03926432877779007 173
1752658214248 0.03918862342834473 174
1752658214269 0.03661966323852539 175
1752658214288 0.0415804386138916 176
1752658214311 0.0360245518386364 177
1752658214332 0.036281611770391464 178
1752658214353 0.03538809344172478 179
1752658214376 0.04173179343342781 180
1752658214399 0.04042442515492439 181
1752658214419 0.04201360419392586 182
1752658214439 0.03887367993593216 183
1752658214459 0.03967960923910141 184
1752658214480 0.03691142797470093 185
1752658214501 0.0386984683573246 186
1752658214520 0.037308890372514725 187
1752658214541 0.03299764171242714 188
1752658214562 0.03663306683301926 189
1752658214583 0.04231802746653557 190
1752658214604 0.04129007086157799 191
1752658214625 0.0435909740626812 192
1752658214645 0.03219398483633995 193
1752658214665 0.03840368613600731 194
1752658214690 0.03432901203632355 195
1752658214709 0.036721713840961456 196
1752658214730 0.03395681828260422 197
1752658214749 0.036566298454999924 198
1752658214769 0.035598352551460266 199
