1752659150456 0.8015168905258179 0
1752659150463 0.7901042699813843 1
1752659150470 0.7789900898933411 2
1752659150476 0.7681506872177124 3
1752659150483 0.7575554847717285 4
1752659150489 0.7471746802330017 5
1752659150496 0.7369766235351562 6
1752659150502 0.7269260883331299 7
1752659150510 0.7169841527938843 8
1752659150517 0.7071107029914856 9
1752659150523 0.6972654461860657 10
1752659150533 0.6874099969863892 11
1752659150540 0.6775074601173401 12
1752659150548 0.6675238013267517 13
1752659150555 0.6574270725250244 14
1752659150562 0.647188127040863 15
1752659150568 0.6367802619934082 16
1752659150574 0.6261797547340393 17
1752659150581 0.6153658032417297 18
1752659150586 0.604320764541626 19
1752659150592 0.5930300951004028 20
1752659150599 0.5814825892448425 21
1752659150606 0.5696703791618347 22
1752659150612 0.5575892329216003 23
1752659150619 0.5452384948730469 24
1752659150625 0.5326212644577026 25
1752659150631 0.5197443962097168 26
1752659150638 0.5066184997558594 27
1752659150644 0.49325793981552124 28
1752659150650 0.4796806275844574 29
1752659150656 0.4659077823162079 30
1752659150663 0.45196396112442017 31
1752659150670 0.43787655234336853 32
1752659150676 0.42367562651634216 33
1752659150683 0.40939339995384216 34
1752659150690 0.3950638175010681 35
1752659150696 0.3807224631309509 36
1752659150703 0.36640557646751404 37
1752659150710 0.35214963555336 38
1752659150717 0.33799129724502563 39
1752659150723 0.32396629452705383 40
1752659150732 0.3101097047328949 41
1752659150740 0.296455055475235 42
1752659150749 0.28303447365760803 43
1752659150757 0.26987823843955994 44
1752659150765 0.2570146322250366 45
1752659150774 0.24446995556354523 46
1752659150783 0.23226827383041382 47
1752659150791 0.22043126821517944 48
1752659150801 0.20897804200649261 49
1752659150811 0.19792477786540985 50
1752659150821 0.187284454703331 51
1752659150830 0.17706646025180817 52
1752659150840 0.16727657616138458 53
1752659150850 0.15791656076908112 54
1752659150858 0.14898429811000824 55
1752659150867 0.14047390222549438 56
1752659150877 0.13237616419792175 57
1752659150884 0.12467918545007706 58
1752659150892 0.11736936867237091 59
1752659150900 0.11043237894773483 60
1752659150910 0.1038544774055481 61
1752659150919 0.09762340039014816 62
1752659150928 0.09172944724559784 63
1752659150936 0.08616594225168228 64
1752659150945 0.08092934638261795 65
1752659150954 0.07601870596408844 66
1752659150963 0.07143447548151016 67
1752659150972 0.06717663258314133 68
1752659150981 0.063242606818676 69
1752659150991 0.05962522327899933 70
1752659151001 0.05631158500909805 71
1752659151012 0.05328330397605896 72
1752659151021 0.05051860958337784 73
1752659151029 0.047995857894420624 74
1752659151039 0.045697636902332306 75
1752659151049 0.04361390322446823 76
1752659151058 0.04174269735813141 77
1752659151067 0.04008778929710388 78
1752659151075 0.038653403520584106 79
1752659151084 0.03743758425116539 80
1752659151092 0.036426521837711334 81
1752659151100 0.03559255599975586 82
1752659151109 0.03489748015999794 83
1752659151117 0.03430051729083061 84
1752659151127 0.03376788645982742 85
1752659151135 0.03327982872724533 86
1752659151142 0.03283211961388588 87
1752659151149 0.0324319563806057 88
1752659151157 0.03209017217159271 89
1752659151164 0.03181329742074013 90
1752659151173 0.031598396599292755 91
1752659151182 0.03143274411559105 92
1752659151190 0.03129798546433449 93
1752659151199 0.031176630407571793 94
1752659151207 0.031057488173246384 95
1752659151214 0.030937595292925835 96
1752659151223 0.030820263549685478 97
1752659151231 0.030710730701684952 98
1752659151239 0.030611934140324593 99
1752659151247 0.03052239865064621 100
1752659151257 0.030436931177973747 101
1752659151267 0.03034934215247631 102
1752659151275 0.030255498364567757 103
1752659151283 0.030155086889863014 104
1752659151291 0.030051464214920998 105
1752659151298 0.02994978241622448 106
1752659151306 0.029854586347937584 107
1752659151314 0.029768027365207672 108
1752659151322 0.029689475893974304 109
1752659151329 0.029616570100188255 110
1752659151337 0.029546886682510376 111
1752659151346 0.029479313641786575 112
1752659151354 0.02941439487040043 113
1752659151363 0.029353652149438858 114
1752659151370 0.02929834835231304 115
1752659151380 0.029282929375767708 116
1752659151389 0.02926805056631565 117
1752659151398 0.029253609478473663 118
1752659151405 0.02923949621617794 119
1752659151414 0.02922562137246132 120
1752659151423 0.029211899265646935 121
1752659151430 0.029207799583673477 122
1752659151438 0.02920370176434517 123
1752659151447 0.02919960767030716 124
1752659151455 0.02919550985097885 125
1752659151463 0.02919141761958599 126
1752659151471 0.02918732352554798 127
1752659151479 0.029186099767684937 128
1752659151487 0.029184870421886444 129
1752659151495 0.0291836429387331 130
1752659151503 0.029182417318224907 131
1752659151510 0.029181189835071564 132
1752659151519 0.02917996235191822 133
1752659151528 0.029179593548178673 134
1752659151536 0.029179222881793976 135
1752659151543 0.029178857803344727 136
1752659151551 0.029178481549024582 137
1752659151559 0.029178110882639885 138
1752659151566 0.029177740216255188 139
1752659151579 0.029177628457546234 140
1752659151587 0.02917751669883728 141
1752659151594 0.029177401214838028 142
1752659151603 0.029177289456129074 143
1752659151611 0.02917717583477497 144
1752659151620 0.029177062213420868 145
1752659151629 0.029177013784646988 146
1752659151636 0.029176967218518257 147
1752659151646 0.029176918789744377 148
1752659151657 0.029176874086260796 149
1752659151664 0.029176825657486916 150
1752659151672 0.029176775366067886 151
1752659151679 0.029176730662584305 152
1752659151687 0.029176682233810425 153
1752659151694 0.029176631942391396 154
1752659151702 0.029176585376262665 155
1752659151711 0.029176535084843636 156
1752659151719 0.029176490381360054 157
1752659151727 0.029176441952586174 158
1752659151736 0.029176387935876846 159
1752659151744 0.029176341369748116 160
1752659151753 0.029176287353038788 161
1752659151761 0.029176240786910057 162
1752659151772 0.029176190495491028 163
1752659151783 0.029176142066717148 164
1752659151793 0.02917609177529812 165
1752659151802 0.02917603962123394 166
1752659151812 0.02917598932981491 167
1752659151828 0.029175935313105583 168
1752659151846 0.029175890609622 169
1752659151879 0.029175838455557823 170
1752659151958 0.029175784438848495 171
1752659152062 0.029175732284784317 172
1752659152121 0.029175683856010437 173
1752659152180 0.02917563170194626 174
1752659152304 0.02917557768523693 175
1752659152338 0.0291755273938179 176
1752659152352 0.029175471514463425 177
1752659152362 0.029175424948334694 178
1752659152380 0.029175367206335068 179
1752659152397 0.02917531318962574 180
1752659152464 0.02917526103556156 181
1752659152479 0.029175207018852234 182
1752659152490 0.029175154864788055 183
1752659152503 0.02917509898543358 184
1752659152521 0.0291750431060791 185
1752659152546 0.029174987226724625 186
1752659152588 0.029174935072660446 187
1752659152608 0.02917487919330597 188
1752659152625 0.02917482890188694 189
1752659152637 0.029174773022532463 190
1752659152651 0.029174715280532837 191
1752659152666 0.02917465940117836 192
1752659152678 0.029174605384469032 193
1752659152691 0.029174547642469406 194
1752659152701 0.02917449176311493 195
1752659152711 0.029174434021115303 196
1752659152720 0.029174376279115677 197
1752659152728 0.02917432226240635 198
1752659152737 0.029174264520406723 199
