1752742546272 0.7589928507804871 0
1752742546284 0.7468299865722656 1
1752742546290 0.734769344329834 2
1752742546297 0.7227495908737183 3
1752742546304 0.7107089757919312 4
1752742546313 0.6985929012298584 5
1752742546320 0.6863544583320618 6
1752742546326 0.6739505529403687 7
1752742546333 0.6613410115242004 8
1752742546339 0.648486852645874 9
1752742546346 0.6353500485420227 10
1752742546351 0.6218929886817932 11
1752742546357 0.6080807447433472 12
1752742546364 0.5938810110092163 13
1752742546369 0.5792666077613831 14
1752742546375 0.5642163753509521 15
1752742546382 0.5487169027328491 16
1752742546388 0.532763659954071 17
1752742546393 0.516361653804779 18
1752742546403 0.49952638149261475 19
1752742546409 0.4822842478752136 20
1752742546416 0.4646725058555603 21
1752742546421 0.4467390179634094 22
1752742546426 0.42854151129722595 23
1752742546433 0.41014689207077026 24
1752742546438 0.39163005352020264 25
1752742546450 0.37307265400886536 26
1752742546458 0.3545619249343872 27
1752742546468 0.336188942193985 28
1752742546474 0.3180469870567322 29
1752742546483 0.3002298176288605 30
1752742546489 0.2828294336795807 31
1752742546496 0.2659343183040619 32
1752742546503 0.24962694942951202 33
1752742546510 0.2339819371700287 34
1752742546519 0.2190641462802887 35
1752742546528 0.2049272060394287 36
1752742546535 0.19161228835582733 37
1752742546540 0.17914730310440063 38
1752742546546 0.16754648089408875 39
1752742546551 0.15681016445159912 40
1752742546557 0.14692513644695282 41
1752742546562 0.13786527514457703 42
1752742546568 0.12959346175193787 43
1752742546573 0.12206454575061798 44
1752742546579 0.11522983759641647 45
1752742546590 0.10904312878847122 46
1752742546597 0.10346709191799164 47
1752742546603 0.09847871959209442 48
1752742546609 0.09407083690166473 49
1752742546616 0.09206104278564453 50
1752742546622 0.09013914316892624 51
1752742546628 0.08829200267791748 52
1752742546634 0.08650589734315872 53
1752742546640 0.08476550877094269 54
1752742546647 0.0830535963177681 55
1752742546657 0.08218929171562195 56
1752742546665 0.08129920810461044 57
1752742546671 0.08038242161273956 58
1752742546678 0.07943932712078094 59
1752742546684 0.07847150415182114 60
1752742546690 0.0774817019701004 61
1752742546705 0.07697610557079315 62
1752742546713 0.07646022737026215 63
1752742546719 0.07593601942062378 64
1752742546725 0.07540548592805862 65
1752742546732 0.07487057894468307 66
1752742546739 0.07433314621448517 67
1752742546746 0.0737949088215828 68
1752742546753 0.07325746864080429 69
1752742546760 0.07272227108478546 70
1752742546768 0.07219058275222778 71
1752742546775 0.0716635137796402 72
1752742546782 0.07114198803901672 73
1752742546789 0.07062676548957825 74
1752742546796 0.0701184794306755 75
1752742546803 0.06961756199598312 76
1752742546809 0.06912434846162796 77
1752742546816 0.06863903999328613 78
1752742546823 0.06816171854734421 79
1752742546830 0.06769238412380219 80
1752742546838 0.0672309622168541 81
1752742546855 0.0667772963643074 82
1752742546863 0.06633119285106659 83
1752742546874 0.06589242815971375 84
1752742546886 0.06546072661876678 85
1752742546895 0.06503580510616302 86
1752742546904 0.06461738795042038 87
1752742546924 0.06420519202947617 88
1752742546939 0.0637989342212677 89
1752742546952 0.06339836120605469 90
1752742546965 0.06300321966409683 91
1752742546986 0.06261330097913742 92
1752742547001 0.062228377908468246 93
1752742547017 0.061848290264606476 94
1752742547035 0.06147285923361778 95
1752742547097 0.06110197678208351 96
1752742547132 0.060735490173101425 97
1752742547144 0.06037333235144615 98
1752742547156 0.06001540273427963 99
1752742547173 0.05966164171695709 100
1752742547206 0.05931200459599495 101
1752742547219 0.05896643176674843 102
1752742547232 0.05862490460276604 103
1752742547244 0.058287378400564194 104
1752742547257 0.057953834533691406 105
1752742547268 0.05762424319982529 106
1752742547280 0.05729857459664345 107
1752742547294 0.0569767951965332 108
1752742547306 0.05665888637304306 109
1752742547318 0.05634482577443123 110
1752742547330 0.05603454262018204 111
1752742547342 0.05572802200913429 112
1752742547355 0.05542520433664322 113
1752742547367 0.05512605234980583 114
1752742547383 0.05483049899339676 115
1752742547402 0.05453850328922272 116
1752742547416 0.054249998182058334 117
1752742547429 0.053964920341968536 118
1752742547443 0.05368322134017944 119
1752742547456 0.05340484902262688 120
1752742547467 0.05312972515821457 121
1752742547476 0.052857812494039536 122
1752742547485 0.05258903652429581 123
1752742547496 0.0523233525454998 124
1752742547508 0.05206070840358734 125
1752742547521 0.05180107057094574 126
1752742547534 0.05154437944293022 127
1752742547545 0.051290590316057205 128
1752742547557 0.051039669662714005 129
1752742547577 0.05079156532883644 130
1752742547590 0.050546273589134216 131
1752742547603 0.050303731113672256 132
1752742547614 0.05006391555070877 133
1752742547626 0.04982680082321167 134
1752742547638 0.04959235340356827 135
1752742547652 0.049360547214746475 136
1752742547666 0.04913134127855301 137
1752742547680 0.048904720693826675 138
1752742547724 0.04868064820766449 139
1752742547756 0.04845910519361496 140
1752742547770 0.0482400581240654 141
1752742547785 0.04802347719669342 142
1752742547804 0.04780932888388634 143
1752742547826 0.04759760573506355 144
1752742547864 0.04738824814558029 145
1752742547894 0.047181256115436554 146
1752742547908 0.04697657749056816 147
1752742547934 0.04677419736981392 148
1752742547949 0.04657408222556114 149
1752742547964 0.04637620598077774 150
1752742547983 0.04618055000901222 151
1752742547996 0.045987069606781006 152
1752742548011 0.045795757323503494 153
1752742548036 0.045606572180986404 154
1752742548054 0.04541950300335884 155
1752742548072 0.04523450881242752 156
1752742548086 0.04505157843232155 157
1752742548099 0.04487068951129913 158
1752742548110 0.044691797345876694 159
1752742548121 0.04451490566134453 160
1752742548134 0.044339969754219055 161
1752742548150 0.04416697844862938 162
1752742548165 0.04399590939283371 163
1752742548174 0.04382673278450966 164
1752742548185 0.04365943744778633 165
1752742548197 0.04349398985505104 166
1752742548207 0.04333037510514259 167
1752742548217 0.0431685671210289 168
1752742548227 0.04300855100154877 169
1752742548236 0.042850296944379807 170
1752742548247 0.042693786323070526 171
1752742548258 0.042538996785879135 172
1752742548267 0.04238591715693474 173
1752742548276 0.04223451390862465 174
1752742548292 0.042084772139787674 175
1752742548302 0.04193666949868202 176
1752742548311 0.0417901948094368 177
1752742548319 0.04164531081914902 178
1752742548328 0.04150201007723808 179
1752742548337 0.0413602739572525 180
1752742548346 0.04122007638216019 181
1752742548357 0.04108140245079994 182
1752742548367 0.040944233536720276 183
1752742548399 0.0408085472881794 184
1752742548409 0.04067432880401611 185
1752742548419 0.04054156318306923 186
1752742548430 0.04041022062301636 187
1752742548441 0.0402802899479866 188
1752742548451 0.04015175625681877 189
1752742548469 0.04002460464835167 190
1752742548484 0.03989880532026291 191
1752742548494 0.039774347096681595 192
1752742548506 0.039651207625865936 193
1752742548516 0.039529383182525635 194
1752742548526 0.0394088551402092 195
1752742548536 0.03928959742188454 196
1752742548545 0.03917159140110016 197
1752742548554 0.039054833352565765 198
1752742548565 0.03893929719924927 199
