1752828364430 0.8291543126106262 0
1752828364437 0.8147684931755066 1
1752828364442 0.8008200526237488 2
1752828364449 0.7872813940048218 3
1752828364455 0.7741251587867737 4
1752828364460 0.761324405670166 5
1752828364467 0.748849630355835 6
1752828364473 0.736668050289154 7
1752828364479 0.7247439622879028 8
1752828364486 0.7130400538444519 9
1752828364493 0.7015182375907898 10
1752828364501 0.6901407241821289 11
1752828364509 0.6788700819015503 12
1752828364517 0.6676704287528992 13
1752828364524 0.6565072536468506 14
1752828364531 0.6453487277030945 15
1752828364537 0.634165346622467 16
1752828364543 0.6229311227798462 17
1752828364550 0.6116241216659546 18
1752828364556 0.6002272367477417 19
1752828364562 0.5887283682823181 20
1752828364568 0.5771220326423645 21
1752828364574 0.5654089450836182 22
1752828364580 0.5535970330238342 23
1752828364586 0.541701078414917 24
1752828364592 0.5297425985336304 25
1752828364598 0.5177471041679382 26
1752828364605 0.5057411789894104 27
1752828364612 0.49374720454216003 28
1752828364619 0.4817763566970825 29
1752828364626 0.4698231518268585 30
1752828364634 0.45785966515541077 31
1752828364642 0.44583338499069214 32
1752828364650 0.4336708188056946 33
1752828364658 0.42128854990005493 34
1752828364667 0.40860748291015625 35
1752828364675 0.3955647349357605 36
1752828364683 0.38212254643440247 37
1752828364691 0.3682705760002136 38
1752828364699 0.35402411222457886 39
1752828364707 0.33941829204559326 40
1752828364717 0.32450002431869507 41
1752828364727 0.3093204200267792 42
1752828364739 0.29392924904823303 43
1752828364749 0.2783726453781128 44
1752828364759 0.26269447803497314 45
1752828364769 0.24693886935710907 46
1752828364779 0.23115387558937073 47
1752828364789 0.2153938263654709 48
1752828364799 0.19972138106822968 49
1752828364807 0.18420810997486115 50
1752828364817 0.168934628367424 51
1752828364826 0.15399059653282166 52
1752828364835 0.1394743174314499 53
1752828364843 0.12549297511577606 54
1752828364852 0.11216293275356293 55
1752828364860 0.09961017221212387 56
1752828364868 0.08797004818916321 57
1752828364876 0.07738497108221054 58
1752828364884 0.0679982528090477 59
1752828364893 0.059942055493593216 60
1752828364902 0.053318023681640625 61
1752828364911 0.04817231371998787 62
1752828364920 0.04447098821401596 63
1752828364928 0.04208679124712944 64
1752828364937 0.040808096528053284 65
1752828364945 0.04037061706185341 66
1752828364954 0.04049617052078247 67
1752828364961 0.04091817885637283 68
1752828364969 0.04139270260930061 69
1752828364977 0.04171115532517433 70
1752828364986 0.04169977083802223 71
1752828364995 0.0414852574467659 72
1752828365004 0.041082561016082764 73
1752828365011 0.0405191034078598 74
1752828365018 0.03982903063297272 75
1752828365024 0.03904819115996361 76
1752828365032 0.038622960448265076 77
1752828365040 0.038167957216501236 78
1752828365047 0.03769265115261078 79
1752828365054 0.037205424159765244 80
1752828365061 0.03671357408165932 81
1752828365068 0.03622342273592949 82
1752828365075 0.03574027493596077 83
1752828365083 0.03526861593127251 84
1752828365089 0.0348120778799057 85
1752828365096 0.034373607486486435 86
1752828365104 0.033955443650484085 87
1752828365110 0.03355921432375908 88
1752828365118 0.03318598121404648 89
1752828365126 0.03283630684018135 90
1752828365133 0.03251028060913086 91
1752828365142 0.032207589596509933 92
1752828365150 0.03192760422825813 93
1752828365157 0.03166940435767174 94
1752828365164 0.03143187239766121 95
1752828365172 0.03121373988687992 96
1752828365179 0.031013647094368935 97
1752828365187 0.03083018958568573 98
1752828365194 0.030661964789032936 99
1752828365202 0.030507585033774376 100
1752828365209 0.03036574460566044 101
1752828365216 0.03023517318069935 102
1752828365223 0.03011471964418888 103
1752828365232 0.030003292486071587 104
1752828365239 0.029899893328547478 105
1752828365246 0.029803620651364326 106
1752828365254 0.029713647440075874 107
1752828365261 0.029629213735461235 108
1752828365268 0.029549667611718178 109
1752828365277 0.0294744074344635 110
1752828365285 0.02940288558602333 111
1752828365294 0.029334653168916702 112
1752828365303 0.029269300401210785 113
1752828365310 0.029206471517682076 114
1752828365317 0.02914588153362274 115
1752828365325 0.02908727154135704 116
1752828365333 0.02903042361140251 117
1752828365339 0.02897518128156662 118
1752828365358 0.028921397402882576 119
1752828365379 0.02886895090341568 120
1752828365390 0.02881775237619877 121
1752828365397 0.028767716139554977 122
1752828365404 0.028718778863549232 123
1752828365411 0.02867088094353676 124
1752828365418 0.028623970225453377 125
1752828365425 0.028578009456396103 126
1752828365431 0.02853294275701046 127
1752828365438 0.028488731011748314 128
1752828365444 0.028445344418287277 129
1752828365451 0.02840273641049862 130
1752828365458 0.02836088091135025 131
1752828365465 0.028319740667939186 132
1752828365474 0.02827928401529789 133
1752828365483 0.028239471837878227 134
1752828365492 0.028200294822454453 135
1752828365499 0.028161700814962387 136
1752828365506 0.028123680502176285 137
1752828365514 0.028086187317967415 138
1752828365521 0.028049206361174583 139
1752828365529 0.028012707829475403 140
1752828365538 0.027976658195257187 141
1752828365545 0.02794104442000389 142
1752828365555 0.02790582925081253 143
1752828365564 0.02787100151181221 144
1752828365571 0.027836540713906288 145
1752828365578 0.027802417054772377 146
1752828365586 0.02776862308382988 147
1752828365593 0.027735143899917603 148
1752828365600 0.027701960876584053 149
1752828365608 0.027669064700603485 150
1752828365616 0.027636438608169556 151
1752828365624 0.027604082599282265 152
1752828365632 0.02757197432219982 153
1752828365640 0.027540121227502823 154
1752828365646 0.027508504688739777 155
1752828365653 0.027477124705910683 156
1752828365661 0.02744596265256405 157
1752828365669 0.02741502970457077 158
1752828365676 0.027384307235479355 159
1752828365683 0.02735380083322525 160
1752828365691 0.02732350118458271 161
1752828365699 0.02729339897632599 162
1752828365706 0.027263496071100235 163
1752828365715 0.02723378874361515 164
1752828365723 0.027204269543290138 165
1752828365730 0.027174942195415497 166
1752828365737 0.02714579552412033 167
1752828365743 0.02711683139204979 168
1752828365752 0.027088044211268425 169
1752828365759 0.02705943025648594 170
1752828365767 0.027030987665057182 171
1752828365775 0.027002718299627304 172
1752828365784 0.02697461098432541 173
1752828365791 0.026946665719151497 174
1752828365798 0.026918882504105568 175
1752828365806 0.026891252025961876 176
1752828365812 0.026863781735301018 177
1752828365819 0.026836464181542397 178
1752828365826 0.026809295639395714 179
1752828365833 0.02678227424621582 180
1752828365842 0.026755401864647865 181
1752828365849 0.02672867476940155 182
1752828365857 0.02670208550989628 183
1752828365865 0.026675643399357796 184
1752828365872 0.026649339124560356 185
1752828365879 0.026623167097568512 186
1752828365887 0.026597142219543457 187
1752828365895 0.0265712421387434 188
1752828365902 0.026545481756329536 189
1752828365910 0.02651985175907612 190
1752828365918 0.026494352146983147 191
1752828365925 0.026468981057405472 192
1752828365933 0.026443740352988243 193
1752828365940 0.02641862817108631 194
1752828365947 0.02639363519847393 195
1752828365955 0.026368776336312294 196
1752828365964 0.02634403109550476 197
1752828365972 0.026319410651922226 198
1752828365981 0.02629491500556469 199
