1753002530316 0.6867579221725464 0
1753002530322 0.6733024716377258 1
1753002530328 0.6599352359771729 2
1753002530334 0.6466286778450012 3
1753002530340 0.6333563327789307 4
1753002530346 0.6200934648513794 5
1753002530352 0.6068196892738342 6
1753002530358 0.5935163497924805 7
1753002530364 0.580166220664978 8
1753002530369 0.5667534470558167 9
1753002530375 0.553264319896698 10
1753002530382 0.5396873950958252 11
1753002530389 0.5260130763053894 12
1753002530395 0.5122339129447937 13
1753002530401 0.49834415316581726 14
1753002530407 0.48434025049209595 15
1753002530412 0.4702206552028656 16
1753002530418 0.45598629117012024 17
1753002530424 0.4416409730911255 18
1753002530430 0.4271911680698395 19
1753002530436 0.41264674067497253 20
1753002530442 0.39802131056785583 21
1753002530448 0.3833320736885071 22
1753002530455 0.36860042810440063 23
1753002530461 0.35385212302207947 24
1753002530466 0.33911705017089844 25
1753002530472 0.32442936301231384 26
1753002530478 0.30982697010040283 27
1753002530484 0.29535090923309326 28
1753002530490 0.2810448408126831 29
1753002530503 0.266953706741333 30
1753002530510 0.2531226575374603 31
1753002530516 0.23959554731845856 32
1753002530522 0.22641371190547943 33
1753002530528 0.21361415088176727 34
1753002530534 0.20122820138931274 35
1753002530539 0.18928015232086182 36
1753002530545 0.17778600752353668 37
1753002530552 0.16675320267677307 38
1753002530559 0.15618029236793518 39
1753002530566 0.14605790376663208 40
1753002530574 0.13636966049671173 41
1753002530581 0.12709416449069977 42
1753002530589 0.11820712685585022 43
1753002530596 0.10968433320522308 44
1753002530604 0.10150487720966339 45
1753002530612 0.09365568310022354 46
1753002530620 0.08613662421703339 47
1753002530628 0.07896678894758224 48
1753002530636 0.07219099253416061 49
1753002530644 0.06588542461395264 50
1753002530655 0.060159482061862946 51
1753002530664 0.055148739367723465 52
1753002530674 0.05099265277385712 53
1753002530684 0.04779084399342537 54
1753002530693 0.045540787279605865 55
1753002530703 0.04408085718750954 56
1753002530712 0.04308616742491722 57
1753002530721 0.04215472564101219 58
1753002530731 0.04095795005559921 59
1753002530741 0.039363861083984375 60
1753002530752 0.03746144101023674 61
1753002530761 0.03549269959330559 62
1753002530771 0.03374346345663071 63
1753002530780 0.03244010731577873 64
1753002530789 0.03168054297566414 65
1753002530799 0.03141278773546219 66
1753002530807 0.03146591782569885 67
1753002530815 0.03162325173616409 68
1753002530822 0.03170255199074745 69
1753002530831 0.03160490840673447 70
1753002530840 0.03132130205631256 71
1753002530849 0.030909724533557892 72
1753002530859 0.030460167676210403 73
1753002530881 0.03006027825176716 74
1753002530900 0.02976900152862072 75
1753002530908 0.02960268035531044 76
1753002530916 0.02953527495265007 77
1753002530942 0.029511764645576477 78
1753002530951 0.029469722881913185 79
1753002530969 0.02941211313009262 80
1753002530996 0.02930917777121067 81
1753002531022 0.029165448620915413 82
1753002531029 0.028990546241402626 83
1753002531036 0.02879689820110798 84
1753002531045 0.028597475960850716 85
1753002531055 0.02849801443517208 86
1753002531062 0.028399305418133736 87
1753002531069 0.028303630650043488 88
1753002531076 0.028212711215019226 89
1753002531090 0.02812770940363407 90
1753002531099 0.028049269691109657 91
1753002531106 0.028012603521347046 92
1753002531112 0.027977604418992996 93
1753002531119 0.027944205328822136 94
1753002531129 0.027912309393286705 95
1753002531137 0.027881817892193794 96
1753002531144 0.027852604165673256 97
1753002531150 0.0278384517878294 98
1753002531158 0.027824588119983673 99
1753002531170 0.02781098149716854 100
1753002531196 0.027797603979706764 101
1753002531216 0.027784433215856552 102
1753002531224 0.02777145244181156 103
1753002531231 0.02776503376662731 104
1753002531238 0.027758656069636345 105
1753002531249 0.02775231935083866 106
1753002531257 0.027746019884943962 107
1753002531281 0.027739757671952248 108
1753002531289 0.027733521535992622 109
1753002531297 0.027730422094464302 110
1753002531305 0.027727322652935982 111
1753002531313 0.027724234387278557 112
1753002531319 0.027721155434846878 113
1753002531327 0.02771807834506035 114
1753002531335 0.027715006843209267 115
1753002531343 0.027713468298316002 116
1753002531357 0.027711931616067886 117
1753002531376 0.02771040052175522 118
1753002531397 0.02770886942744255 119
1753002531404 0.027707336470484734 120
1753002531413 0.027705801650881767 121
1753002531420 0.027705034241080284 122
1753002531428 0.02770426496863365 123
1753002531436 0.027703503146767616 124
1753002531445 0.027702733874320984 125
1753002531452 0.027701960876584053 126
1753002531460 0.02770119160413742 127
1753002531468 0.02770080603659153 128
1753002531476 0.02770041860640049 129
1753002531484 0.02770002745091915 130
1753002531494 0.02769964188337326 131
1753002531502 0.02769925259053707 132
1753002531510 0.02769886702299118 133
1753002531518 0.027698665857315063 134
1753002531525 0.027698464691638947 135
1753002531533 0.027698267251253128 136
1753002531541 0.027698060497641563 137
1753002531549 0.027697857469320297 138
1753002531557 0.02769765816628933 139
1753002531564 0.027697457000613213 140
1753002531574 0.027697253972291946 141
1753002531581 0.02769704908132553 142
1753002531589 0.027696846053004265 143
1753002531596 0.0276966355741024 144
1753002531604 0.027696432545781136 145
1753002531611 0.02769623138010502 146
1753002531619 0.027696024626493454 147
1753002531627 0.02769581787288189 148
1753002531634 0.027695611119270325 149
1753002531643 0.02769540436565876 150
1753002531651 0.027695199474692345 151
1753002531660 0.02769499085843563 152
1753002531668 0.027694782242178917 153
1753002531676 0.027694575488567352 154
1753002531684 0.02769436314702034 155
1753002531692 0.027694156393408775 156
1753002531700 0.027693942189216614 157
1753002531708 0.02769373543560505 158
1753002531716 0.027693523094058037 159
1753002531723 0.027693310752511024 160
1753002531733 0.02769310213625431 161
1753002531741 0.02769288420677185 162
1753002531749 0.027692673727869987 163
1753002531758 0.027692457661032677 164
1753002531766 0.027692249044775963 165
1753002531774 0.0276920348405838 166
1753002531782 0.02769182063639164 167
1753002531790 0.02769160456955433 168
1753002531797 0.02769138477742672 169
1753002531805 0.027691174298524857 170
1753002531814 0.027690958231687546 171
1753002531822 0.027690738439559937 172
1753002531830 0.027690522372722626 173
1753002531838 0.027690304443240166 174
1753002531846 0.027690082788467407 175
1753002531854 0.027689870446920395 176
1753002531861 0.027689650654792786 177
1753002531869 0.027689432725310326 178
1753002531877 0.027689211070537567 179
1753002531885 0.027688991278409958 180
1753002531894 0.02768876776099205 181
1753002531902 0.02768854796886444 182
1753002531910 0.02768832817673683 183
1753002531918 0.027688106521964073 184
1753002531926 0.027687883004546165 185
1753002531934 0.027687661349773407 186
1753002531941 0.0276874378323555 187
1753002531949 0.027687210589647293 188
1753002531956 0.027686987072229385 189
1753002531964 0.027686765417456627 190
1753002531973 0.02768653817474842 191
1753002531981 0.02768631838262081 192
1753002531989 0.027686093002557755 193
1753002531997 0.0276858601719141 194
1753002532004 0.02768564224243164 195
1753002532012 0.027685409411787987 196
1753002532020 0.02768518589437008 197
1753002532027 0.027684958651661873 198
1753002532034 0.027684731408953667 199
