1752658673263 0.8166146874427795 0
1752658673283 0.814301609992981 1
1752658673300 0.8143886923789978 2
1752658673319 0.8116235733032227 3
1752658673334 0.8112839460372925 4
1752658673350 0.8111839890480042 5
1752658673365 0.8100433945655823 6
1752658673380 0.8089565634727478 7
1752658673395 0.8088898658752441 8
1752658673410 0.8053402304649353 9
1752658673426 0.8054158687591553 10
1752658673443 0.8023979067802429 11
1752658673459 0.8028634786605835 12
1752658673475 0.8027397990226746 13
1752658673492 0.8022379279136658 14
1752658673508 0.8003957271575928 15
1752658673525 0.7993943095207214 16
1752658673544 0.7989345788955688 17
1752658673562 0.7976112961769104 18
1752658673580 0.7967983484268188 19
1752658673604 0.7960367202758789 20
1752658673623 0.7948089838027954 21
1752658673641 0.7927781939506531 22
1752658673661 0.7927627563476562 23
1752658673679 0.7926051616668701 24
1752658673696 0.7912960648536682 25
1752658673713 0.7900334596633911 26
1752658673732 0.7895427942276001 27
1752658673752 0.7867997884750366 28
1752658673776 0.7887905836105347 29
1752658673801 0.7863691449165344 30
1752658673829 0.7863261103630066 31
1752658673857 0.7850527167320251 32
1752658673885 0.7830183506011963 33
1752658673913 0.7822384238243103 34
1752658673941 0.780665397644043 35
1752658673970 0.7815634608268738 36
1752658673996 0.7819409966468811 37
1752658674019 0.7793360352516174 38
1752658674043 0.7786120176315308 39
1752658674070 0.7773373126983643 40
1752658674094 0.7744952440261841 41
1752658674119 0.7745105028152466 42
1752658674139 0.7745504379272461 43
1752658674159 0.7730560302734375 44
1752658674179 0.7702100872993469 45
1752658674200 0.7702630758285522 46
1752658674220 0.7693081498146057 47
1752658674241 0.768341064453125 48
1752658674261 0.7685356736183167 49
1752658674284 0.7690435647964478 50
1752658674305 0.7651806473731995 51
1752658674327 0.7649394273757935 52
1752658674347 0.765218198299408 53
1752658674369 0.762995719909668 54
1752658674388 0.7627507448196411 55
1752658674417 0.7615984678268433 56
1752658674440 0.758878231048584 57
1752658674463 0.7609149217605591 58
1752658674485 0.7569668889045715 59
1752658674516 0.7576918601989746 60
1752658674539 0.7561679482460022 61
1752658674561 0.7533474564552307 62
1752658674583 0.7520203590393066 63
1752658674604 0.7510889768600464 64
1752658674625 0.7505488991737366 65
1752658674645 0.7487877607345581 66
1752658674666 0.7472964525222778 67
1752658674686 0.745820164680481 68
1752658674706 0.7481275796890259 69
1752658674728 0.7446029782295227 70
1752658674750 0.7414703369140625 71
1752658674774 0.7419553995132446 72
1752658674797 0.7372012734413147 73
1752658674819 0.7386428713798523 74
1752658674840 0.7362303137779236 75
1752658674861 0.7359060645103455 76
1752658674881 0.7364473342895508 77
1752658674903 0.7341750264167786 78
1752658674924 0.7331085205078125 79
1752658674946 0.7280413508415222 80
1752658674968 0.7277196049690247 81
1752658674989 0.726159393787384 82
1752658675018 0.7248362898826599 83
1752658675042 0.7221676111221313 84
1752658675067 0.7247501015663147 85
1752658675113 0.7206057906150818 86
1752658675152 0.7177101969718933 87
1752658675177 0.7172694802284241 88
1752658675201 0.7173373103141785 89
1752658675225 0.7189734578132629 90
1752658675248 0.7146152853965759 91
1752658675271 0.707366943359375 92
1752658675292 0.7125462293624878 93
1752658675316 0.7093767523765564 94
1752658675338 0.7074060440063477 95
1752658675360 0.7031713724136353 96
1752658675380 0.704377293586731 97
1752658675401 0.6972727179527283 98
1752658675421 0.6977631449699402 99
1752658675444 0.6975347995758057 100
1752658675465 0.6906512379646301 101
1752658675488 0.6906737685203552 102
1752658675510 0.69060218334198 103
1752658675535 0.6915764808654785 104
1752658675557 0.6849194169044495 105
1752658675579 0.6862648725509644 106
1752658675598 0.6830695867538452 107
1752658675620 0.6794034242630005 108
1752658675641 0.6738845109939575 109
1752658675664 0.6739667057991028 110
1752658675687 0.6722381711006165 111
1752658675712 0.6706652641296387 112
1752658675737 0.668371319770813 113
1752658675759 0.6649619340896606 114
1752658675782 0.6621583700180054 115
1752658675806 0.660071611404419 116
1752658675829 0.657554566860199 117
1752658675851 0.6564717888832092 118
1752658675872 0.653831422328949 119
1752658675895 0.6501660943031311 120
1752658675917 0.6493180394172668 121
1752658675937 0.6402190327644348 122
1752658675959 0.6434271335601807 123
1752658675980 0.6351715922355652 124
1752658676002 0.631398618221283 125
1752658676023 0.6357078552246094 126
1752658676045 0.6247506737709045 127
1752658676064 0.624921977519989 128
1752658676086 0.6199851632118225 129
1752658676108 0.6227141618728638 130
1752658676130 0.614788293838501 131
1752658676150 0.6074458360671997 132
1752658676172 0.5981466770172119 133
1752658676191 0.600354790687561 134
1752658676212 0.6045650243759155 135
1752658676234 0.597077488899231 136
1752658676255 0.5961312651634216 137
1752658676276 0.5920882821083069 138
1752658676295 0.5784726142883301 139
1752658676317 0.5758213400840759 140
1752658676341 0.5692659616470337 141
1752658676364 0.5708057880401611 142
1752658676387 0.5679851174354553 143
1752658676408 0.5440070629119873 144
1752658676427 0.5488641262054443 145
1752658676449 0.5409477949142456 146
1752658676471 0.5393552780151367 147
1752658676491 0.5329621434211731 148
1752658676512 0.5330854654312134 149
1752658676535 0.5349925756454468 150
1752658676556 0.5220919847488403 151
1752658676580 0.5198028683662415 152
1752658676602 0.5134170651435852 153
1752658676622 0.5018801093101501 154
1752658676643 0.4995408058166504 155
1752658676664 0.4902110993862152 156
1752658676686 0.4843742251396179 157
1752658676707 0.47476089000701904 158
1752658676727 0.4828473925590515 159
1752658676750 0.4733818769454956 160
1752658676770 0.46506640315055847 161
1752658676793 0.4571444094181061 162
1752658676814 0.45940500497817993 163
1752658676834 0.4471855163574219 164
1752658676857 0.4453869163990021 165
1752658676878 0.4309747517108917 166
1752658676898 0.42154625058174133 167
1752658676919 0.4359584450721741 168
1752658676938 0.4236910045146942 169
1752658676960 0.41047561168670654 170
1752658676982 0.40632811188697815 171
1752658677004 0.40117567777633667 172
1752658677025 0.38207653164863586 173
1752658677046 0.38362938165664673 174
1752658677066 0.37777820229530334 175
1752658677088 0.36570820212364197 176
1752658677110 0.35787463188171387 177
1752658677134 0.3485478162765503 178
1752658677154 0.3600045442581177 179
1752658677177 0.3508322536945343 180
1752658677198 0.34107106924057007 181
1752658677220 0.32695430517196655 182
1752658677241 0.3313947319984436 183
1752658677262 0.3268826901912689 184
1752658677282 0.3098587095737457 185
1752658677304 0.299726665019989 186
1752658677326 0.3015952706336975 187
1752658677345 0.3055339455604553 188
1752658677366 0.29598549008369446 189
1752658677389 0.2919600307941437 190
1752658677413 0.2823154926300049 191
1752658677435 0.28392493724823 192
1752658677456 0.2666250467300415 193
1752658677476 0.26206064224243164 194
1752658677497 0.2511354386806488 195
1752658677519 0.25355857610702515 196
1752658677540 0.25306054949760437 197
1752658677560 0.24036362767219543 198
1752658677581 0.24352823197841644 199
