1752655853936 0.982405424118042 0
1752655853946 1.094724178314209 1
1752655853955 0.8623102903366089 2
1752655853963 0.9900381565093994 3
1752655853971 0.950481116771698 4
1752655853979 0.9001685976982117 5
1752655853987 0.7501481771469116 6
1752655853995 0.8381789922714233 7
1752655854003 0.8382042050361633 8
1752655854011 0.733901858329773 9
1752655854020 0.7382091879844666 10
1752655854030 0.6774863004684448 11
1752655854042 0.6519048810005188 12
1752655854051 0.6305714845657349 13
1752655854059 0.5726938247680664 14
1752655854067 0.5464245676994324 15
1752655854075 0.577152669429779 16
1752655854084 0.4934033155441284 17
1752655854092 0.4538498818874359 18
1752655854100 0.4455197751522064 19
1752655854108 0.43084055185317993 20
1752655854117 0.3777661919593811 21
1752655854126 0.36440372467041016 22
1752655854134 0.3331608474254608 23
1752655854142 0.35356923937797546 24
1752655854150 0.34798404574394226 25
1752655854158 0.24646274745464325 26
1752655854166 0.3307930827140808 27
1752655854175 0.19270770251750946 28
1752655854183 0.2185070514678955 29
1752655854192 0.1886163055896759 30
1752655854201 0.1710919588804245 31
1752655854211 0.16682322323322296 32
1752655854220 0.13784337043762207 33
1752655854228 0.1169930249452591 34
1752655854236 0.13087189197540283 35
1752655854245 0.1105213388800621 36
1752655854252 0.11140187829732895 37
1752655854260 0.12592028081417084 38
1752655854268 0.10790140181779861 39
1752655854277 0.12802495062351227 40
1752655854286 0.09584229439496994 41
1752655854294 0.11737585067749023 42
1752655854302 0.0978301614522934 43
1752655854311 0.08882339298725128 44
1752655854319 0.06959215551614761 45
1752655854328 0.07392561435699463 46
1752655854336 0.08449375629425049 47
1752655854344 0.08040381968021393 48
1752655854353 0.06872430443763733 49
1752655854361 0.06721945106983185 50
1752655854369 0.06769763678312302 51
1752655854377 0.08801943063735962 52
1752655854387 0.07185865938663483 53
1752655854395 0.0834852084517479 54
1752655854404 0.07921338826417923 55
1752655854412 0.08521551638841629 56
1752655854423 0.06583350151777267 57
1752655854432 0.10216023027896881 58
1752655854441 0.06573081761598587 59
1752655854453 0.05804954469203949 60
1752655854471 0.07129661738872528 61
1752655854481 0.07026366889476776 62
1752655854493 0.05667560547590256 63
1752655854502 0.06527934968471527 64
1752655854512 0.1001337319612503 65
1752655854522 0.05203414708375931 66
1752655854532 0.04984183609485626 67
1752655854542 0.06689976155757904 68
1752655854552 0.058192089200019836 69
1752655854562 0.05487838014960289 70
1752655854572 0.0739448219537735 71
1752655854583 0.050413310527801514 72
1752655854592 0.051030483096838 73
1752655854602 0.06207434460520744 74
1752655854612 0.06303076446056366 75
1752655854621 0.04975040629506111 76
1752655854630 0.06413733959197998 77
1752655854640 0.04731397330760956 78
1752655854649 0.058002769947052 79
1752655854658 0.06169634684920311 80
1752655854668 0.051221366971731186 81
1752655854678 0.047032106667757034 82
1752655854688 0.07036827504634857 83
1752655854700 0.03793986514210701 84
1752655854721 0.05035489797592163 85
1752655854732 0.04220591485500336 86
1752655854745 0.0674995630979538 87
1752655854758 0.047447655349969864 88
1752655854770 0.05646321177482605 89
1752655854784 0.05024968832731247 90
1752655854799 0.05287935212254524 91
1752655854816 0.04424917325377464 92
1752655854835 0.05211525782942772 93
1752655854851 0.05750686675310135 94
1752655854866 0.06631534546613693 95
1752655854881 0.04758473113179207 96
1752655854894 0.0414041206240654 97
1752655854906 0.06686901301145554 98
1752655854918 0.04102753475308418 99
1752655854934 0.05396009609103203 100
1752655854947 0.05661926046013832 101
1752655854960 0.06444620341062546 102
1752655854975 0.05006026476621628 103
1752655854989 0.04407905787229538 104
1752655855003 0.04477876424789429 105
1752655855016 0.048168428242206573 106
1752655855029 0.054256848990917206 107
1752655855042 0.04603162407875061 108
1752655855063 0.05296014994382858 109
1752655855077 0.0648234486579895 110
1752655855093 0.042457472532987595 111
1752655855109 0.06378953158855438 112
1752655855122 0.0682867243885994 113
1752655855136 0.043028395622968674 114
1752655855149 0.04380818083882332 115
1752655855160 0.056442491710186005 116
1752655855172 0.05600610002875328 117
1752655855184 0.03892143443226814 118
1752655855195 0.052107393741607666 119
1752655855207 0.04718808829784393 120
1752655855220 0.03992818668484688 121
1752655855232 0.03961258381605148 122
1752655855244 0.049085915088653564 123
1752655855255 0.039974410086870193 124
1752655855267 0.048443567007780075 125
1752655855278 0.050030119717121124 126
1752655855289 0.062055617570877075 127
1752655855301 0.04540190473198891 128
1752655855312 0.04361939802765846 129
1752655855325 0.04163713753223419 130
1752655855336 0.05196740850806236 131
1752655855348 0.04396193102002144 132
1752655855361 0.034372471272945404 133
1752655855372 0.040954314172267914 134
1752655855384 0.04319612681865692 135
1752655855395 0.044700250029563904 136
1752655855408 0.038977768272161484 137
1752655855418 0.04264937713742256 138
1752655855429 0.045616164803504944 139
1752655855442 0.053558386862277985 140
1752655855453 0.03795558586716652 141
1752655855465 0.042292047291994095 142
1752655855477 0.054199960082769394 143
1752655855488 0.04143848642706871 144
1752655855500 0.050083547830581665 145
1752655855512 0.05458739027380943 146
1752655855522 0.0430317185819149 147
1752655855534 0.06061028689146042 148
1752655855546 0.046593859791755676 149
1752655855558 0.04506472498178482 150
1752655855571 0.0429350920021534 151
1752655855583 0.04948677122592926 152
1752655855594 0.04928929731249809 153
1752655855606 0.046971797943115234 154
1752655855617 0.043396856635808945 155
1752655855628 0.03181791305541992 156
1752655855642 0.04330003634095192 157
1752655855655 0.052461665123701096 158
1752655855668 0.040523428469896317 159
1752655855681 0.04517153277993202 160
1752655855704 0.0484151653945446 161
1752655855716 0.04268877953290939 162
1752655855731 0.044147755950689316 163
1752655855745 0.04269236698746681 164
1752655855758 0.048153869807720184 165
1752655855770 0.06149296090006828 166
1752655855783 0.0519288070499897 167
1752655855795 0.0450027659535408 168
1752655855805 0.04774819314479828 169
1752655855818 0.04569051042199135 170
1752655855829 0.055117424577474594 171
1752655855841 0.0399852991104126 172
1752655855852 0.04715295135974884 173
1752655855865 0.04805237054824829 174
1752655855877 0.044653136283159256 175
1752655855889 0.047419141978025436 176
1752655855900 0.03896930813789368 177
1752655855911 0.05112699791789055 178
1752655855922 0.055329978466033936 179
1752655855935 0.04682399705052376 180
1752655855948 0.04172227904200554 181
1752655855959 0.03855882212519646 182
1752655855970 0.06855715066194534 183
1752655855981 0.043055515736341476 184
1752655855993 0.039025384932756424 185
1752655856004 0.03696617856621742 186
1752655856016 0.03892715647816658 187
1752655856026 0.03514585271477699 188
1752655856038 0.03540435805916786 189
1752655856050 0.047204501926898956 190
1752655856061 0.03698814660310745 191
1752655856074 0.03971562907099724 192
1752655856084 0.04482486844062805 193
1752655856097 0.04358319565653801 194
1752655856108 0.035996515303850174 195
1752655856119 0.03796377032995224 196
1752655856130 0.0379193052649498 197
1752655856141 0.04989927262067795 198
1752655856152 0.056152794510126114 199
