1752659359334 0.7800983190536499 0
1752659359342 0.7668765783309937 1
1752659359349 0.7538564205169678 2
1752659359357 0.741024374961853 3
1752659359363 0.728359043598175 4
1752659359370 0.7158364057540894 5
1752659359378 0.703431248664856 6
1752659359383 0.6911180019378662 7
1752659359389 0.6788704991340637 8
1752659359393 0.6666625142097473 9
1752659359398 0.6544681787490845 10
1752659359404 0.6422628164291382 11
1752659359410 0.6300232410430908 12
1752659359415 0.617728054523468 13
1752659359421 0.6053577661514282 14
1752659359426 0.592894971370697 15
1752659359431 0.5803242921829224 16
1752659359436 0.5676325559616089 17
1752659359441 0.5548087954521179 18
1752659359446 0.5418452024459839 19
1752659359451 0.5287363529205322 20
1752659359457 0.5154800415039062 21
1752659359462 0.5020771026611328 22
1752659359467 0.48853132128715515 23
1752659359472 0.47484952211380005 24
1752659359478 0.4610414206981659 25
1752659359484 0.4471195340156555 26
1752659359490 0.43309926986694336 27
1752659359496 0.41899898648262024 28
1752659359501 0.4048393666744232 29
1752659359507 0.39064404368400574 30
1752659359512 0.3764391243457794 31
1752659359519 0.36225301027297974 32
1752659359524 0.3481164574623108 33
1752659359529 0.3340621888637543 34
1752659359535 0.32012465596199036 35
1752659359542 0.30633991956710815 36
1752659359547 0.2927451729774475 37
1752659359554 0.2793784737586975 38
1752659359559 0.2662782371044159 39
1752659359564 0.25348249077796936 40
1752659359570 0.24102813005447388 41
1752659359576 0.22895030677318573 42
1752659359582 0.21728117763996124 43
1752659359587 0.2060493528842926 44
1752659359593 0.19527867436408997 45
1752659359599 0.18498775362968445 46
1752659359607 0.1751888543367386 47
1752659359614 0.16588744521141052 48
1752659359621 0.157081738114357 49
1752659359628 0.14876246452331543 50
1752659359636 0.14091314375400543 51
1752659359642 0.13351082801818848 52
1752659359648 0.1265270859003067 53
1752659359654 0.11992956697940826 54
1752659359660 0.1136838048696518 55
1752659359666 0.10775519162416458 56
1752659359672 0.10211099684238434 57
1752659359678 0.09672228246927261 58
1752659359684 0.09156545251607895 59
1752659359690 0.09006229043006897 60
1752659359696 0.0885789766907692 61
1752659359702 0.08711384981870651 62
1752659359709 0.08566579967737198 63
1752659359715 0.08423411101102829 64
1752659359722 0.082818403840065 65
1752659359728 0.08239732682704926 66
1752659359734 0.08197862654924393 67
1752659359740 0.08156226575374603 68
1752659359746 0.0811481773853302 69
1752659359752 0.08073631674051285 70
1752659359758 0.08032664656639099 71
1752659359764 0.0802043154835701 72
1752659359770 0.08008243143558502 73
1752659359776 0.07996097207069397 74
1752659359783 0.07983993738889694 75
1752659359789 0.07971927523612976 76
1752659359795 0.07959898561239243 77
1752659359801 0.07956299185752869 78
1752659359807 0.07952708005905151 79
1752659359813 0.0794912651181221 80
1752659359820 0.07945550978183746 81
1752659359826 0.0794198215007782 82
1752659359832 0.0793842002749443 83
1752659359838 0.07937351614236832 84
1752659359846 0.07936286181211472 85
1752659359853 0.07935221493244171 86
1752659359859 0.0793415829539299 87
1752659359865 0.07933096587657928 88
1752659359874 0.07932034879922867 89
1752659359883 0.07931599020957947 90
1752659359891 0.07931162416934967 91
1752659359898 0.07930726557970047 92
1752659359906 0.07930290699005127 93
1752659359920 0.07929855585098267 94
1752659359936 0.07929420471191406 95
1752659359942 0.07928984612226486 96
1752659359949 0.07928549498319626 97
1752659359955 0.07928115129470825 98
1752659359963 0.07927679270505905 99
1752659359970 0.07927246391773224 100
1752659359977 0.07926810532808304 101
1752659359984 0.07926375418901443 102
1752659359992 0.07925940304994583 103
1752659360000 0.07925505936145782 104
1752659360009 0.07925071567296982 105
1752659360018 0.07924636453390121 106
1752659360027 0.07924202084541321 107
1752659360039 0.0792376697063446 108
1752659360048 0.0792333111166954 109
1752659360059 0.0792289599776268 110
1752659360071 0.0792246088385582 111
1752659360081 0.079220250248909 112
1752659360092 0.0792158991098404 113
1752659360102 0.07921154052019119 114
1752659360112 0.07920718938112259 115
1752659360122 0.07920283079147339 116
1752659360132 0.07919846475124359 117
1752659360141 0.07919410616159439 118
1752659360150 0.07918974757194519 119
1752659360160 0.0791853740811348 120
1752659360170 0.0791810154914856 121
1752659360180 0.0791766420006752 122
1752659360190 0.07917226850986481 123
1752659360199 0.07916790246963501 124
1752659360207 0.07916352152824402 125
1752659360215 0.07915915548801422 126
1752659360223 0.07915477454662323 127
1752659360230 0.07915039360523224 128
1752659360238 0.07914601266384125 129
1752659360245 0.07914162427186966 130
1752659360254 0.07913724333047867 131
1752659360262 0.07913286238908768 132
1752659360270 0.07912847399711609 133
1752659360278 0.0791240856051445 134
1752659360286 0.07911968976259232 135
1752659360294 0.07911529392004013 136
1752659360302 0.07911090552806854 137
1752659360310 0.07910650223493576 138
1752659360317 0.07910210639238358 139
1752659360324 0.0790976956486702 140
1752659360332 0.07909329980611801 141
1752659360339 0.07908888161182404 142
1752659360346 0.07908447831869125 143
1752659360352 0.07908006757497787 144
1752659360359 0.0790756568312645 145
1752659360365 0.07907123863697052 146
1752659360371 0.07906682044267654 147
1752659360378 0.07906239479780197 148
1752659360384 0.079057976603508 149
1752659360391 0.07905355095863342 150
1752659360399 0.07904913276433945 151
1752659360406 0.07904469966888428 152
1752659360414 0.0790402740240097 153
1752659360421 0.07903584092855453 154
1752659360428 0.07903140038251877 155
1752659360436 0.0790269672870636 156
1752659360450 0.07902253419160843 157
1752659360458 0.07901809364557266 158
1752659360464 0.0790136530995369 159
1752659360471 0.07900920510292053 160
1752659360486 0.07900476455688477 161
1752659360496 0.07900030165910721 162
1752659360503 0.07899585366249084 163
1752659360510 0.07899140566587448 164
1752659360517 0.07898694276809692 165
1752659360524 0.07898250222206116 166
1752659360531 0.078978031873703 167
1752659360539 0.07897356897592545 168
1752659360546 0.07896912097930908 169
1752659360553 0.07896464318037033 170
1752659360561 0.07896017283201218 171
1752659360569 0.07895570993423462 172
1752659360577 0.07895123958587646 173
1752659360587 0.07894676178693771 174
1752659360594 0.07894229143857956 175
1752659360601 0.07893781363964081 176
1752659360609 0.07893333584070206 177
1752659360617 0.07892885059118271 178
1752659360625 0.07892437279224396 179
1752659360634 0.07891988754272461 180
1752659360641 0.07891539484262466 181
1752659360647 0.07891090959310532 182
1752659360655 0.07890640944242477 183
1752659360662 0.07890192419290543 184
1752659360669 0.07889743149280548 185
1752659360677 0.07889292389154434 186
1752659360685 0.0788884311914444 187
1752659360692 0.07888392359018326 188
1752659360698 0.07887942343950272 189
1752659360706 0.07887491583824158 190
1752659360713 0.07887041568756104 191
1752659360721 0.0788659006357193 192
1752659360729 0.07886138558387756 193
1752659360737 0.07885687798261642 194
1752659360743 0.07885236293077469 195
1752659360751 0.07884784042835236 196
1752659360759 0.07884332537651062 197
1752659360766 0.07883879542350769 198
1752659360773 0.07883428037166595 199
