1752657993674 1.2044488191604614 0
1752657993694 1.1429412364959717 1
1752657993711 1.1010226011276245 2
1752657993728 0.9837155342102051 3
1752657993746 1.0054444074630737 4
1752657993763 0.9204087853431702 5
1752657993779 0.8846609592437744 6
1752657993799 0.8451199531555176 7
1752657993814 0.8060213923454285 8
1752657993829 0.7786692380905151 9
1752657993846 0.7310900092124939 10
1752657993863 0.6988789439201355 11
1752657993883 0.6242865920066833 12
1752657993902 0.6087680459022522 13
1752657993919 0.5530053973197937 14
1752657993936 0.5462661981582642 15
1752657993953 0.4941898286342621 16
1752657993971 0.46908727288246155 17
1752657993988 0.44414499402046204 18
1752657994005 0.41820028424263 19
1752657994025 0.38448163866996765 20
1752657994043 0.37375500798225403 21
1752657994061 0.37445569038391113 22
1752657994078 0.3412156105041504 23
1752657994095 0.3422842025756836 24
1752657994113 0.28835684061050415 25
1752657994131 0.29348501563072205 26
1752657994151 0.26889878511428833 27
1752657994172 0.24864502251148224 28
1752657994194 0.25049516558647156 29
1752657994224 0.23249289393424988 30
1752657994252 0.24073074758052826 31
1752657994281 0.20741118490695953 32
1752657994309 0.21307192742824554 33
1752657994337 0.18359673023223877 34
1752657994365 0.21622177958488464 35
1752657994392 0.20423060655593872 36
1752657994420 0.17888140678405762 37
1752657994447 0.17421762645244598 38
1752657994470 0.1774543821811676 39
1752657994495 0.15105655789375305 40
1752657994520 0.15978167951107025 41
1752657994543 0.15085741877555847 42
1752657994566 0.1434450000524521 43
1752657994586 0.13232234120368958 44
1752657994605 0.12666583061218262 45
1752657994625 0.11817693710327148 46
1752657994646 0.10269973427057266 47
1752657994668 0.11161515861749649 48
1752657994692 0.10276968032121658 49
1752657994720 0.09229843318462372 50
1752657994746 0.0961637869477272 51
1752657994770 0.0856761783361435 52
1752657994893 0.08967224508523941 53
1752657994936 0.08903498202562332 54
1752657994960 0.08248527348041534 55
1752657994983 0.07809273153543472 56
1752657995009 0.07698960602283478 57
1752657995034 0.06983640789985657 58
1752657995056 0.0783558115363121 59
1752657995084 0.06565359979867935 60
1752657995110 0.056776706129312515 61
1752657995144 0.06288362294435501 62
1752657995171 0.056233614683151245 63
1752657995200 0.059772491455078125 64
1752657995229 0.060718338936567307 65
1752657995252 0.048634689301252365 66
1752657995275 0.065461166203022 67
1752657995300 0.06577261537313461 68
1752657995323 0.06388833373785019 69
1752657995348 0.04899991303682327 70
1752657995372 0.06554821878671646 71
1752657995396 0.060680244117975235 72
1752657995420 0.04663349315524101 73
1752657995442 0.0505833700299263 74
1752657995464 0.05328764021396637 75
1752657995491 0.053029902279376984 76
1752657995513 0.05939634144306183 77
1752657995535 0.04911321774125099 78
1752657995558 0.04489656165242195 79
1752657995582 0.0598929226398468 80
1752657995605 0.050732873380184174 81
1752657995637 0.048804786056280136 82
1752657995662 0.045602474361658096 83
1752657995692 0.04586700350046158 84
1752657995746 0.054321546107530594 85
1752657995771 0.04993441700935364 86
1752657995795 0.04248497262597084 87
1752657995823 0.05014023557305336 88
1752657995845 0.04250698164105415 89
1752657995869 0.04606892541050911 90
1752657995892 0.053637295961380005 91
1752657995916 0.048019684851169586 92
1752657995942 0.047036513686180115 93
1752657995966 0.04589573293924332 94
1752657995991 0.039851076900959015 95
1752657996013 0.048706844449043274 96
1752657996035 0.03991226851940155 97
1752657996057 0.04760218411684036 98
1752657996080 0.046434205025434494 99
1752657996108 0.05145901441574097 100
1752657996133 0.043568432331085205 101
1752657996157 0.042052123695611954 102
1752657996178 0.058545563369989395 103
1752657996201 0.03971615061163902 104
1752657996222 0.051879893988370895 105
1752657996246 0.05031082406640053 106
1752657996268 0.038216717541217804 107
1752657996289 0.0445837676525116 108
1752657996313 0.047649357467889786 109
1752657996343 0.04935144633054733 110
1752657996377 0.05214686319231987 111
1752657996411 0.053338997066020966 112
1752657996439 0.048071298748254776 113
1752657996465 0.041266657412052155 114
1752657996500 0.04738355800509453 115
1752657996526 0.048556093126535416 116
1752657996549 0.05452071875333786 117
1752657996573 0.05112137645483017 118
1752657996595 0.04211152344942093 119
1752657996623 0.04213618487119675 120
1752657996648 0.050827089697122574 121
1752657996675 0.04769224300980568 122
1752657996700 0.05088194087147713 123
1752657996723 0.04588104411959648 124
1752657996746 0.04609858617186546 125
1752657996768 0.05212340131402016 126
1752657996790 0.047620899975299835 127
1752657996813 0.052434079349040985 128
1752657996840 0.048353251069784164 129
1752657996868 0.035921256989240646 130
1752657996890 0.046643342822790146 131
1752657996913 0.0512813925743103 132
1752657996935 0.047112882137298584 133
1752657996958 0.04311466962099075 134
1752657996980 0.043417055159807205 135
1752657997005 0.041989654302597046 136
1752657997032 0.05550391972064972 137
1752657997055 0.04352005571126938 138
1752657997079 0.03885849937796593 139
1752657997104 0.03681139275431633 140
1752657997130 0.04266345128417015 141
1752657997156 0.04318555071949959 142
1752657997181 0.042341846972703934 143
1752657997208 0.04431809112429619 144
1752657997232 0.04394644871354103 145
1752657997256 0.048004429787397385 146
1752657997278 0.045531194657087326 147
1752657997301 0.03904014080762863 148
1752657997323 0.052528612315654755 149
1752657997348 0.042480289936065674 150
1752657997369 0.04538532719016075 151
1752657997393 0.05344736948609352 152
1752657997417 0.0416705422103405 153
1752657997440 0.045240823179483414 154
1752657997463 0.040490638464689255 155
1752657997485 0.04600919783115387 156
1752657997508 0.04306678846478462 157
1752657997530 0.04382844269275665 158
1752657997552 0.04700848460197449 159
1752657997575 0.044846247881650925 160
1752657997596 0.045633941888809204 161
1752657997625 0.04595191404223442 162
1752657997652 0.04333430901169777 163
1752657997677 0.03866571560502052 164
1752657997701 0.04113289713859558 165
1752657997730 0.05220239609479904 166
1752657997755 0.036090388894081116 167
1752657997777 0.05158238485455513 168
1752657997798 0.06001843512058258 169
1752657997823 0.042226869612932205 170
1752657997844 0.046406716108322144 171
1752657997869 0.04507235437631607 172
1752657997893 0.0519988127052784 173
1752657997915 0.04168936237692833 174
1752657997937 0.04164554551243782 175
1752657997959 0.046406641602516174 176
1752657997984 0.04775845259428024 177
1752657998009 0.044954814016819 178
1752657998032 0.04594641178846359 179
1752657998059 0.0414450541138649 180
1752657998082 0.04151172190904617 181
1752657998104 0.04528443515300751 182
1752657998129 0.04375112056732178 183
1752657998158 0.04390071704983711 184
1752657998183 0.048195358365774155 185
1752657998207 0.05451444536447525 186
1752657998231 0.050275400280952454 187
1752657998256 0.049029331654310226 188
1752657998279 0.05110093206167221 189
1752657998303 0.0434531606733799 190
1752657998327 0.03884383291006088 191
1752657998351 0.03779815509915352 192
1752657998376 0.0472627654671669 193
1752657998400 0.039152950048446655 194
1752657998422 0.042337942868471146 195
1752657998446 0.0436895377933979 196
1752657998469 0.042372483760118484 197
1752657998490 0.044490158557891846 198
1752657998513 0.04088974744081497 199
