1752657244340 0.7805298566818237 0
1752657244360 0.7758230566978455 1
1752657244378 0.7532088160514832 2
1752657244395 0.6919082403182983 3
1752657244413 0.7005828022956848 4
1752657244431 0.7039799094200134 5
1752657244448 0.7269174456596375 6
1752657244466 0.7369990944862366 7
1752657244484 0.6987387537956238 8
1752657244503 0.7004280686378479 9
1752657244523 0.6595763564109802 10
1752657244542 0.655167818069458 11
1752657244560 0.6378703713417053 12
1752657244578 0.6180415749549866 13
1752657244597 0.6634394526481628 14
1752657244615 0.601458728313446 15
1752657244634 0.5873750448226929 16
1752657244652 0.5540821552276611 17
1752657244670 0.5346434712409973 18
1752657244688 0.5549563765525818 19
1752657244707 0.46369582414627075 20
1752657244726 0.5151684880256653 21
1752657244744 0.464844673871994 22
1752657244763 0.4632592797279358 23
1752657244780 0.48316335678100586 24
1752657244798 0.3895021975040436 25
1752657244816 0.3755444884300232 26
1752657244834 0.3839706778526306 27
1752657244854 0.37711969017982483 28
1752657244872 0.33778366446495056 29
1752657244891 0.29664188623428345 30
1752657244910 0.29427987337112427 31
1752657244930 0.2689557373523712 32
1752657244949 0.27209001779556274 33
1752657244969 0.22537460923194885 34
1752657244988 0.20943774282932281 35
1752657245008 0.18200892210006714 36
1752657245029 0.17854967713356018 37
1752657245050 0.17955702543258667 38
1752657245069 0.14456066489219666 39
1752657245091 0.14333197474479675 40
1752657245112 0.12701638042926788 41
1752657245133 0.11609440296888351 42
1752657245154 0.1172642707824707 43
1752657245174 0.10213910788297653 44
1752657245193 0.0804443508386612 45
1752657245214 0.07983539998531342 46
1752657245237 0.06005281209945679 47
1752657245262 0.06333313137292862 48
1752657245289 0.0853227972984314 49
1752657245318 0.07385966926813126 50
1752657245347 0.07114511728286743 51
1752657245379 0.07483264803886414 52
1752657245431 0.07730217278003693 53
1752657245529 0.07277051359415054 54
1752657245659 0.06731528043746948 55
1752657245702 0.061051368713378906 56
1752657245769 0.06916742771863937 57
1752657245805 0.053871650248765945 58
1752657245840 0.06064267084002495 59
1752657245877 0.07403188198804855 60
1752657245909 0.07521442323923111 61
1752657245937 0.06799604743719101 62
1752657245965 0.06104224920272827 63
1752657245991 0.06000962480902672 64
1752657246018 0.05609167367219925 65
1752657246041 0.05892572179436684 66
1752657246064 0.0664178729057312 67
1752657246089 0.05561051145195961 68
1752657246112 0.06332988291978836 69
1752657246137 0.0526374913752079 70
1752657246162 0.07087260484695435 71
1752657246193 0.05602944269776344 72
1752657246219 0.05402446538209915 73
1752657246245 0.044868022203445435 74
1752657246273 0.05222496762871742 75
1752657246298 0.06598226726055145 76
1752657246323 0.061280518770217896 77
1752657246348 0.04513974115252495 78
1752657246454 0.060636647045612335 79
1752657246484 0.05805513262748718 80
1752657246511 0.05279673635959625 81
1752657246539 0.050215207040309906 82
1752657246566 0.053936127573251724 83
1752657246594 0.05558625981211662 84
1752657246623 0.04695035144686699 85
1752657246652 0.055265724658966064 86
1752657246691 0.05530012026429176 87
1752657246724 0.0519828125834465 88
1752657246759 0.04506216198205948 89
1752657246787 0.04651641845703125 90
1752657246811 0.044894542545080185 91
1752657246842 0.040175724774599075 92
1752657246868 0.04564710333943367 93
1752657246894 0.04394080117344856 94
1752657246924 0.05048488825559616 95
1752657246952 0.05592573434114456 96
1752657246989 0.04232114925980568 97
1752657247015 0.05320920795202255 98
1752657247039 0.048484209924936295 99
1752657247066 0.04682282730937004 100
1752657247092 0.036368031054735184 101
1752657247118 0.0468890480697155 102
1752657247141 0.04379109665751457 103
1752657247168 0.04660062864422798 104
1752657247193 0.04176472872495651 105
1752657247218 0.05429806932806969 106
1752657247241 0.03878343105316162 107
1752657247267 0.041800182312726974 108
1752657247292 0.04179924726486206 109
1752657247318 0.03937676548957825 110
1752657247344 0.04309390112757683 111
1752657247369 0.04211520403623581 112
1752657247396 0.040394145995378494 113
1752657247420 0.04592384397983551 114
1752657247446 0.042019255459308624 115
1752657247471 0.04624001681804657 116
1752657247494 0.04720589146018028 117
1752657247519 0.03990090265870094 118
1752657247543 0.039419643580913544 119
1752657247570 0.04674576595425606 120
1752657247594 0.045152850449085236 121
1752657247619 0.042424991726875305 122
1752657247642 0.046871621161699295 123
1752657247667 0.046455517411231995 124
1752657247692 0.04556973651051521 125
1752657247716 0.03471384570002556 126
1752657247740 0.04873122274875641 127
1752657247764 0.044089291244745255 128
1752657247789 0.05062974989414215 129
1752657247814 0.04930487647652626 130
1752657247839 0.03998345136642456 131
1752657247863 0.03891361504793167 132
1752657247891 0.04480859264731407 133
1752657247917 0.04687090963125229 134
1752657247944 0.046576108783483505 135
1752657247971 0.03298996761441231 136
1752657247997 0.045514896512031555 137
1752657248021 0.034063670784235 138
1752657248045 0.04244401305913925 139
1752657248074 0.039850156754255295 140
1752657248099 0.04082471877336502 141
1752657248124 0.04159372299909592 142
1752657248150 0.03503497317433357 143
1752657248177 0.037214022129774094 144
1752657248204 0.04074126109480858 145
1752657248228 0.036622993648052216 146
1752657248253 0.04151344671845436 147
1752657248279 0.04383990913629532 148
1752657248301 0.03844508156180382 149
1752657248327 0.042710430920124054 150
1752657248352 0.05067354440689087 151
1752657248377 0.0445292592048645 152
1752657248403 0.03542199358344078 153
1752657248427 0.041042547672986984 154
1752657248451 0.036293867975473404 155
1752657248476 0.05396927148103714 156
1752657248501 0.040126703679561615 157
1752657248524 0.0452302061021328 158
1752657248549 0.040500860661268234 159
1752657248577 0.050403643399477005 160
1752657248602 0.03390853479504585 161
1752657248627 0.0447518564760685 162
1752657248652 0.0528126060962677 163
1752657248679 0.04545168951153755 164
1752657248707 0.04055922478437424 165
1752657248734 0.0400044247508049 166
1752657248761 0.039521291851997375 167
1752657248787 0.037258174270391464 168
1752657248812 0.03283439204096794 169
1752657248839 0.043946363031864166 170
1752657248869 0.0417727530002594 171
1752657248894 0.03837985172867775 172
1752657248919 0.03873574361205101 173
1752657248943 0.0373038649559021 174
1752657248969 0.04371520131826401 175
1752657248994 0.032738883048295975 176
1752657249018 0.040676917880773544 177
1752657249043 0.04414287954568863 178
1752657249067 0.053780462592840195 179
1752657249093 0.044707320630550385 180
1752657249115 0.035961467772722244 181
1752657249141 0.04371589794754982 182
1752657249166 0.03716534376144409 183
1752657249189 0.0404738113284111 184
1752657249212 0.03322593495249748 185
1752657249236 0.040414631366729736 186
1752657249260 0.03700245916843414 187
1752657249283 0.03821223974227905 188
1752657249306 0.039150040596723557 189
1752657249332 0.0379624105989933 190
1752657249357 0.03605697304010391 191
1752657249382 0.04328754171729088 192
1752657249405 0.03763546794652939 193
1752657249430 0.03448095545172691 194
1752657249453 0.04329684004187584 195
1752657249478 0.05046957731246948 196
1752657249501 0.03689254820346832 197
1752657249526 0.038146935403347015 198
1752657249549 0.03865135461091995 199
