1752661769477 0.7745991945266724 0
1752661769485 0.7641264796257019 1
1752661769491 0.7538726925849915 2
1752661769504 0.7438179850578308 3
1752661769514 0.7339467406272888 4
1752661769521 0.7242404222488403 5
1752661769527 0.7146777510643005 6
1752661769532 0.7052353620529175 7
1752661769537 0.6958878636360168 8
1752661769543 0.6866074204444885 9
1752661769549 0.6773653626441956 10
1752661769556 0.6681323051452637 11
1752661769566 0.6588804125785828 12
1752661769572 0.649583101272583 13
1752661769579 0.6402158141136169 14
1752661769585 0.6307557225227356 15
1752661769590 0.6211814880371094 16
1752661769596 0.6114733219146729 17
1752661769601 0.6016127467155457 18
1752661769607 0.5915824174880981 19
1752661769613 0.581366240978241 20
1752661769620 0.5709494948387146 21
1752661769625 0.5603182315826416 22
1752661769634 0.5494605302810669 23
1752661769640 0.538365364074707 24
1752661769646 0.5270236730575562 25
1752661769651 0.5154278874397278 26
1752661769657 0.503572940826416 27
1752661769662 0.49145546555519104 28
1752661769667 0.47907474637031555 29
1752661769672 0.4664326012134552 30
1752661769678 0.45353394746780396 31
1752661769684 0.4403863549232483 32
1752661769690 0.4270009696483612 33
1752661769695 0.413392037153244 34
1752661769701 0.3995772898197174 35
1752661769706 0.3855779767036438 36
1752661769711 0.37141889333724976 37
1752661769717 0.3571281433105469 38
1752661769722 0.3427373766899109 39
1752661769744 0.32828113436698914 40
1752661769767 0.31379714608192444 41
1752661769777 0.299325555562973 42
1752661769785 0.28490883111953735 43
1752661769794 0.2705913186073303 44
1752661769800 0.2564186453819275 45
1752661769807 0.24243740737438202 46
1752661769813 0.22869442403316498 47
1752661769822 0.21523649990558624 48
1752661769828 0.20210964977741241 49
1752661769835 0.18935880064964294 50
1752661769842 0.17702731490135193 51
1752661769849 0.1651565283536911 52
1752661769856 0.15378551185131073 53
1752661769863 0.14295071363449097 54
1752661769870 0.1326857954263687 55
1752661769877 0.1230211928486824 56
1752661769883 0.11398343741893768 57
1752661769889 0.10559403151273727 58
1752661769894 0.09786760807037354 59
1752661769900 0.09080956876277924 60
1752661769906 0.08441311866044998 61
1752661769913 0.07865625619888306 62
1752661769919 0.07349968701601028 63
1752661769924 0.06888695061206818 64
1752661769930 0.06474776566028595 65
1752661769935 0.06100505590438843 66
1752661769941 0.05758440122008324 67
1752661769946 0.054424189031124115 68
1752661769952 0.051483865827322006 69
1752661769957 0.04874780401587486 70
1752661769963 0.04622311145067215 71
1752661769969 0.043931592255830765 72
1752661769975 0.04189746454358101 73
1752661769980 0.040134068578481674 74
1752661769985 0.03863402456045151 75
1752661769991 0.03736686334013939 76
1752661769996 0.036286331713199615 77
1752661770002 0.03534457087516785 78
1752661770007 0.034507010132074356 79
1752661770013 0.03376086801290512 80
1752661770020 0.033114269375801086 81
1752661770026 0.032586660236120224 82
1752661770032 0.032194919884204865 83
1752661770037 0.03194073215126991 84
1752661770043 0.03180469572544098 85
1752661770048 0.031750161200761795 86
1752661770053 0.031735241413116455 87
1752661770059 0.031726621091365814 88
1752661770063 0.03170781582593918 89
1752661770069 0.03167828172445297 90
1752661770075 0.031645629554986954 91
1752661770081 0.031616196036338806 92
1752661770086 0.03158900886774063 93
1752661770091 0.031555622816085815 94
1752661770096 0.03150464594364166 95
1752661770101 0.03142799064517021 96
1752661770107 0.031325019896030426 97
1752661770112 0.03120291791856289 98
1752661770117 0.03107345663011074 99
1752661770122 0.030948374420404434 100
1752661770128 0.03083551488816738 101
1752661770133 0.03073730133473873 102
1752661770138 0.030651800334453583 103
1752661770144 0.030575323849916458 104
1752661770149 0.030504947528243065 105
1752661770154 0.0304398275911808 106
1752661770160 0.030421365052461624 107
1752661770166 0.03040340729057789 108
1752661770172 0.030386164784431458 109
1752661770177 0.03036980703473091 110
1752661770183 0.030354414135217667 111
1752661770189 0.030339987948536873 112
1752661770196 0.030335821211338043 113
1752661770202 0.030331701040267944 114
1752661770208 0.03032762184739113 115
1752661770214 0.030323557555675507 116
1752661770219 0.03031950443983078 117
1752661770224 0.030315442010760307 118
1752661770230 0.030314207077026367 119
1752661770235 0.03031296469271183 120
1752661770241 0.03031170181930065 121
1752661770248 0.03031042218208313 122
1752661770255 0.030309131368994713 123
1752661770262 0.030307820066809654 124
1752661770267 0.03030741959810257 125
1752661770273 0.030307017266750336 126
1752661770278 0.030306611210107803 127
1752661770284 0.030306201428174973 128
1752661770291 0.030305786058306694 129
1752661770296 0.030305365100502968 130
1752661770303 0.03030524030327797 131
1752661770310 0.030305109918117523 132
1752661770317 0.030304983258247375 133
1752661770324 0.03030485101044178 134
1752661770330 0.030304715037345886 135
1752661770336 0.03030458837747574 136
1752661770343 0.030304526910185814 137
1752661770349 0.030304474756121635 138
1752661770356 0.03030441887676716 139
1752661770362 0.03030436299741268 140
1752661770369 0.030304310843348503 141
1752661770379 0.030304251238703728 142
1752661770386 0.0303041934967041 143
1752661770392 0.030304137617349625 144
1752661770399 0.03030407987535 145
1752661770405 0.030304018408060074 146
1752661770411 0.030303962528705597 147
1752661770417 0.03030390664935112 148
1752661770424 0.030303843319416046 149
1752661770430 0.03030378557741642 150
1752661770437 0.030303729698061943 151
1752661770444 0.03030366823077202 152
1752661770450 0.030303604900836945 153
1752661770456 0.03030354529619217 154
1752661770462 0.030303483828902245 155
1752661770468 0.03030342608690262 156
1752661770475 0.030303364619612694 157
1752661770481 0.03030330128967762 158
1752661770487 0.030303239822387695 159
1752661770493 0.03030317649245262 160
1752661770501 0.030303115025162697 161
1752661770507 0.030303049832582474 162
1752661770513 0.03030298464000225 163
1752661770520 0.030302921310067177 164
1752661770526 0.030302857980132103 165
1752661770532 0.03030279465019703 166
1752661770539 0.030302733182907104 167
1752661770546 0.03030266799032688 168
1752661770553 0.03030259907245636 169
1752661770560 0.030302537605166435 170
1752661770568 0.03030247613787651 171
1752661770577 0.03030240535736084 172
1752661770609 0.030302343890070915 173
1752661770618 0.030302274972200394 174
1752661770626 0.030302206054329872 175
1752661770634 0.0303021427243948 176
1752661770642 0.030302077531814575 177
1752661770650 0.030302010476589203 178
1752661770658 0.03030194155871868 179
1752661770668 0.03030187264084816 180
1752661770679 0.030301809310913086 181
1752661770699 0.030301740393042564 182
1752661770710 0.030301671475172043 183
1752661770732 0.03030160441994667 184
1752661770747 0.03030153177678585 185
1752661770758 0.03030145913362503 186
1752661770787 0.030301393941044807 187
1752661770802 0.030301326885819435 188
1752661770814 0.030301246792078018 189
1752661770828 0.030301183462142944 190
1752661770842 0.030301112681627274 191
1752661770854 0.0303010456264019 192
1752661770864 0.03030097484588623 193
1752661770873 0.03030090406537056 194
1752661770881 0.030300835147500038 195
1752661770890 0.03030076064169407 196
1752661770899 0.03030068799853325 197
1752661770907 0.030300617218017578 198
1752661770916 0.03030054271221161 199
