1752657553589 1.1884268522262573 0
1752657553595 1.1569701433181763 1
1752657553600 1.022525668144226 2
1752657553605 1.1589984893798828 3
1752657553610 1.0657939910888672 4
1752657553615 1.0132343769073486 5
1752657553619 1.1012564897537231 6
1752657553624 1.1121230125427246 7
1752657553629 1.0710766315460205 8
1752657553633 1.1632226705551147 9
1752657553638 1.0944682359695435 10
1752657553644 1.0637041330337524 11
1752657553650 1.1464766263961792 12
1752657553655 1.1390618085861206 13
1752657553661 1.1543413400650024 14
1752657553668 1.091398000717163 15
1752657553676 1.0440235137939453 16
1752657553682 1.0960875749588013 17
1752657553688 1.1035979986190796 18
1752657553692 1.139132022857666 19
1752657553697 1.0904560089111328 20
1752657553703 1.0772069692611694 21
1752657553709 1.0981353521347046 22
1752657553714 1.120435118675232 23
1752657553718 1.1041910648345947 24
1752657553724 1.048785924911499 25
1752657553729 1.133516788482666 26
1752657553734 1.0453033447265625 27
1752657553738 1.0750795602798462 28
1752657553743 1.1381542682647705 29
1752657553748 1.0733182430267334 30
1752657553754 1.105871558189392 31
1752657553759 1.0560486316680908 32
1752657553764 1.1167283058166504 33
1752657553769 1.103537917137146 34
1752657553774 1.0815290212631226 35
1752657553779 1.065033197402954 36
1752657553789 1.0401064157485962 37
1752657553794 1.0121655464172363 38
1752657553799 1.0318926572799683 39
1752657553804 1.0693649053573608 40
1752657553811 1.0004775524139404 41
1752657553817 1.0558284521102905 42
1752657553823 1.1355154514312744 43
1752657553830 1.0645699501037598 44
1752657553837 1.008716344833374 45
1752657553844 1.0702004432678223 46
1752657553851 1.1202934980392456 47
1752657553858 1.0633716583251953 48
1752657553864 1.1273083686828613 49
1752657553871 1.0077675580978394 50
1752657553882 1.0644876956939697 51
1752657553891 1.0933570861816406 52
1752657553899 1.067723274230957 53
1752657553905 1.0600305795669556 54
1752657553911 1.010614275932312 55
1752657553917 1.0472347736358643 56
1752657553923 1.086289644241333 57
1752657553928 1.0610560178756714 58
1752657553934 1.0920039415359497 59
1752657553940 1.0402992963790894 60
1752657553948 1.0635266304016113 61
1752657553960 1.0320595502853394 62
1752657553971 0.9970390200614929 63
1752657553980 1.055523157119751 64
1752657553988 1.0864373445510864 65
1752657553998 1.002776861190796 66
1752657554006 1.0845991373062134 67
1752657554012 1.0497506856918335 68
1752657554018 1.0899301767349243 69
1752657554024 1.0613280534744263 70
1752657554069 1.0914881229400635 71
1752657554116 1.0079998970031738 72
1752657554139 1.0293140411376953 73
1752657554151 1.0084794759750366 74
1752657554163 1.0732924938201904 75
1752657554174 1.1026982069015503 76
1752657554187 1.0807753801345825 77
1752657554199 1.0305989980697632 78
1752657554209 1.0270463228225708 79
1752657554221 1.0370748043060303 80
1752657554234 1.0765573978424072 81
1752657554246 0.9251257181167603 82
1752657554256 1.0331883430480957 83
1752657554265 1.0500093698501587 84
1752657554274 1.0639508962631226 85
1752657554283 0.9747745990753174 86
1752657554292 1.0704379081726074 87
1752657554301 1.0741442441940308 88
1752657554309 1.0623831748962402 89
1752657554319 1.026302456855774 90
1752657554329 1.0212191343307495 91
1752657554339 1.0249184370040894 92
1752657554348 0.9723060727119446 93
1752657554356 1.0302181243896484 94
1752657554363 1.057263970375061 95
1752657554371 1.012866497039795 96
1752657554378 1.0455265045166016 97
1752657554386 1.0315309762954712 98
1752657554393 1.0199564695358276 99
1752657554400 1.0634469985961914 100
1752657554409 0.9923915266990662 101
1752657554417 1.0207760334014893 102
1752657554424 1.046613097190857 103
1752657554430 1.0389920473098755 104
1752657554436 0.9836474657058716 105
1752657554443 1.0437575578689575 106
1752657554451 1.0044324398040771 107
1752657554457 1.0743898153305054 108
1752657554464 1.0048819780349731 109
1752657554470 1.0738800764083862 110
1752657554477 1.011195421218872 111
1752657554484 1.0355298519134521 112
1752657554491 1.010814905166626 113
1752657554498 0.965138852596283 114
1752657554505 1.0180844068527222 115
1752657554511 1.0324089527130127 116
1752657554518 1.0148825645446777 117
1752657554524 1.0535117387771606 118
1752657554531 1.009277105331421 119
1752657554538 1.011149525642395 120
1752657554546 1.0100165605545044 121
1752657554553 1.0056482553482056 122
1752657554560 1.0415598154067993 123
1752657554566 0.9818743467330933 124
1752657554573 1.0396370887756348 125
1752657554579 1.0475444793701172 126
1752657554585 1.0590707063674927 127
1752657554592 1.0135624408721924 128
1752657554598 1.0465774536132812 129
1752657554605 0.999635636806488 130
1752657554613 0.940983772277832 131
1752657554620 0.9361753463745117 132
1752657554626 1.0396872758865356 133
1752657554633 0.9866184592247009 134
1752657554639 1.011726975440979 135
1752657554646 1.0516401529312134 136
1752657554653 0.9970036745071411 137
1752657554659 0.9408978223800659 138
1752657554666 1.0350805521011353 139
1752657554673 1.0632883310317993 140
1752657554679 0.9969010949134827 141
1752657554686 0.994451642036438 142
1752657554707 1.0283031463623047 143
1752657554713 0.9862459897994995 144
1752657554719 1.0207653045654297 145
1752657554725 0.962731659412384 146
1752657554733 1.0446300506591797 147
1752657554741 0.9538679718971252 148
1752657554748 0.9729326963424683 149
1752657554755 0.974480152130127 150
1752657554762 0.9322865605354309 151
1752657554769 1.0077911615371704 152
1752657554776 0.9853633046150208 153
1752657554784 1.0021981000900269 154
1752657554792 0.9377855062484741 155
1752657554799 0.93967604637146 156
1752657554809 0.9441637992858887 157
1752657554816 0.9714959859848022 158
1752657554823 0.9621959328651428 159
1752657554830 0.9485530257225037 160
1752657554838 0.913522481918335 161
1752657554844 0.9988751411437988 162
1752657554851 0.9770951867103577 163
1752657554859 1.0064822435379028 164
1752657554866 0.9950935244560242 165
1752657554872 0.9617028832435608 166
1752657554878 1.0101916790008545 167
1752657554885 0.976223886013031 168
1752657554893 0.9322652816772461 169
1752657554899 0.9693975448608398 170
1752657554906 0.9377397298812866 171
1752657554912 0.9304347634315491 172
1752657554919 1.0165163278579712 173
1752657554926 0.9808835983276367 174
1752657554932 0.9197535514831543 175
1752657554939 0.97307950258255 176
1752657554945 0.9464288353919983 177
1752657554952 0.9693253636360168 178
1752657554958 0.961950421333313 179
1752657554964 0.9898471236228943 180
1752657554972 0.9418864846229553 181
1752657554979 0.9869799613952637 182
1752657554985 0.9366615414619446 183
1752657554993 1.00493586063385 184
1752657554999 0.9574815630912781 185
1752657555006 0.943120539188385 186
1752657555013 0.9474180340766907 187
1752657555019 1.001473069190979 188
1752657555025 0.9430360794067383 189
1752657555032 0.9943501353263855 190
1752657555040 0.948732316493988 191
1752657555048 0.9264954924583435 192
1752657555055 0.9564517140388489 193
1752657555061 0.9474853277206421 194
1752657555068 0.9193302989006042 195
1752657555075 0.9385616779327393 196
1752657555082 0.9769143462181091 197
1752657555088 0.9146918058395386 198
1752657555094 0.9678765535354614 199
