1752741886115 0.6987144947052002 0
1752741886121 0.6867366433143616 1
1752741886127 0.674900233745575 2
1752741886132 0.6631829142570496 3
1752741886139 0.6515578031539917 4
1752741886145 0.6400003433227539 5
1752741886158 0.6284871101379395 6
1752741886176 0.6169938445091248 7
1752741886185 0.6054962277412415 8
1752741886193 0.5939708948135376 9
1752741886202 0.5823966264724731 10
1752741886210 0.5707541108131409 11
1752741886222 0.5590265393257141 12
1752741886229 0.5471988916397095 13
1752741886237 0.5352572798728943 14
1752741886242 0.5231888890266418 15
1752741886249 0.5109813213348389 16
1752741886255 0.49862170219421387 17
1752741886260 0.48609602451324463 18
1752741886266 0.47338876128196716 19
1752741886272 0.460482656955719 20
1752741886278 0.4473593533039093 21
1752741886284 0.4340003430843353 22
1752741886291 0.4203889071941376 23
1752741886296 0.4065120220184326 24
1752741886302 0.39236247539520264 25
1752741886308 0.3779408037662506 26
1752741886313 0.3632567524909973 27
1752741886318 0.3483293354511261 28
1752741886324 0.333187073469162 29
1752741886329 0.31786730885505676 30
1752741886335 0.3024153411388397 31
1752741886341 0.286883145570755 32
1752741886346 0.27132800221443176 33
1752741886352 0.2558107078075409 34
1752741886359 0.24039390683174133 35
1752741886365 0.22514015436172485 36
1752741886372 0.21010996401309967 37
1752741886378 0.19536039233207703 38
1752741886387 0.18094372749328613 39
1752741886396 0.16690729558467865 40
1752741886405 0.1532946676015854 41
1752741886411 0.14014898240566254 42
1752741886418 0.12751950323581696 43
1752741886424 0.11547230929136276 44
1752741886430 0.10410577803850174 45
1752741886436 0.09356866776943207 46
1752741886441 0.0840734988451004 47
1752741886449 0.07588852196931839 48
1752741886455 0.06928089261054993 49
1752741886461 0.06438872218132019 50
1752741886467 0.06105508655309677 51
1752741886473 0.05876551568508148 52
1752741886478 0.056830648332834244 53
1752741886484 0.05471779406070709 54
1752741886491 0.052264824509620667 55
1752741886497 0.04965417832136154 56
1752741886503 0.04723037779331207 57
1752741886509 0.045288797467947006 58
1752741886515 0.043922364711761475 59
1752741886521 0.04297911375761032 60
1752741886528 0.04215013608336449 61
1752741886536 0.04113602265715599 62
1752741886542 0.03978229686617851 63
1752741886548 0.03811509162187576 64
1752741886554 0.036293428391218185 65
1752741886560 0.03452887013554573 66
1752741886566 0.03300987556576729 67
1752741886571 0.031849734485149384 68
1752741886578 0.031065983697772026 69
1752741886584 0.03059256635606289 70
1752741886590 0.030317507684230804 71
1752741886595 0.030129369348287582 72
1752741886601 0.029952896758913994 73
1752741886607 0.02976144477725029 74
1752741886612 0.0295671708881855 75
1752741886618 0.02947002463042736 76
1752741886624 0.029370302334427834 77
1752741886630 0.029276886954903603 78
1752741886635 0.029195668175816536 79
1752741886641 0.02912875823676586 80
1752741886647 0.02907468192279339 81
1752741886654 0.02904953435063362 82
1752741886662 0.029022367671132088 83
1752741886669 0.02899232506752014 84
1752741886676 0.028958754613995552 85
1752741886682 0.02892122231423855 86
1752741886688 0.028879579156637192 87
1752741886695 0.028856616467237473 88
1752741886701 0.028831524774432182 89
1752741886707 0.02880457229912281 90
1752741886720 0.028776030987501144 91
1752741886727 0.02874620445072651 92
1752741886735 0.02871539629995823 93
1752741886742 0.02869958057999611 94
1752741886749 0.028683386743068695 95
1752741886757 0.0286669060587883 96
1752741886766 0.028650226071476936 97
1752741886774 0.028633419424295425 98
1752741886783 0.02861655503511429 99
1752741886791 0.02860809676349163 100
1752741886799 0.028599601238965988 101
1752741886808 0.0285910926759243 102
1752741886817 0.02858257293701172 103
1752741886827 0.028574056923389435 104
1752741886836 0.028565555810928345 105
1752741886845 0.028561316430568695 106
1752741886855 0.02855706959962845 107
1752741886864 0.02855282835662365 108
1752741886874 0.02854858711361885 109
1752741886884 0.0285443514585495 110
1752741886893 0.028540121391415596 111
1752741886903 0.02853800728917122 112
1752741886913 0.028535893186926842 113
1752741886923 0.028533782809972763 114
1752741886933 0.02853165939450264 115
1752741886942 0.02852955088019371 116
1752741886953 0.028527431190013885 117
1752741886963 0.02852637507021427 118
1752741886972 0.028525320813059807 119
1752741886981 0.028524260967969894 120
1752741886989 0.028523201122879982 121
1752741886997 0.02852214127779007 122
1752741887005 0.028521079570055008 123
1752741887013 0.02852053940296173 124
1752741887021 0.02852000668644905 125
1752741887029 0.02851947396993637 126
1752741887038 0.02851894125342369 127
1752741887046 0.028518401086330414 128
1752741887054 0.028517866507172585 129
1752741887062 0.02851758524775505 130
1752741887070 0.028517313301563263 131
1752741887092 0.02851703204214573 132
1752741887119 0.028516752645373344 133
1752741887128 0.02851647511124611 134
1752741887136 0.028516197577118874 135
1752741887143 0.02851591818034649 136
1752741887150 0.028515640646219254 137
1752741887159 0.02851535752415657 138
1752741887169 0.028515076264739037 139
1752741887177 0.028514793142676353 140
1752741887185 0.028514506295323372 141
1752741887192 0.02851422317326069 142
1752741887199 0.028513940051198006 143
1752741887207 0.028513656929135323 144
1752741887216 0.02851337008178234 145
1752741887223 0.02851308137178421 146
1752741887230 0.028512801975011826 147
1752741887238 0.028512509539723396 148
1752741887246 0.028512222692370415 149
1752741887252 0.028511933982372284 150
1752741887259 0.028511643409729004 151
1752741887266 0.028511356562376022 152
1752741887275 0.028511064127087593 153
1752741887283 0.028510771691799164 154
1752741887291 0.028510481119155884 155
1752741887298 0.028510188683867455 156
1752741887305 0.028509898111224174 157
1752741887313 0.028509600088000298 158
1752741887321 0.02850930392742157 159
1752741887329 0.028509007766842842 160
1752741887337 0.028508715331554413 161
1752741887345 0.028508419170975685 162
1752741887354 0.028508123010396957 163
1752741887362 0.02850782684981823 164
1752741887370 0.028507523238658905 165
1752741887380 0.028507227078080177 166
1752741887389 0.02850692719221115 167
1752741887406 0.028506631031632423 168
1752741887420 0.028506329283118248 169
1752741887428 0.028506029397249222 170
1752741887439 0.028505727648735046 171
1752741887455 0.02850542590022087 172
1752741887468 0.028505126014351845 173
1752741887485 0.02850481867790222 174
1752741887499 0.028504515066742897 175
1752741887510 0.028504209592938423 176
1752741887519 0.028503907844424248 177
1752741887528 0.028503604233264923 178
1752741887537 0.0285032968968153 179
1752741887545 0.028502989560365677 180
1752741887555 0.028502682223916054 181
1752741887563 0.02850237488746643 182
1752741887575 0.02850206196308136 183
1752741887586 0.028501754626631737 184
1752741887599 0.028501447290182114 185
1752741887615 0.028501134365797043 186
1752741887627 0.02850082516670227 187
1752741887638 0.02850051410496235 188
1752741887649 0.028500201180577278 189
1752741887661 0.028499891981482506 190
1752741887673 0.028499582782387733 191
1752741887688 0.028499264270067215 192
1752741887701 0.028498951345682144 193
1752741887711 0.028498636558651924 194
1752741887723 0.028498325496912003 195
1752741887735 0.028498010709881783 196
1752741887746 0.028497695922851562 197
1752741887757 0.028497377410531044 198
1752741887767 0.028497066348791122 199
