1752658293291 0.8257365226745605 0
1752658293307 0.8237037658691406 1
1752658293322 0.8039723634719849 2
1752658293336 0.8251742124557495 3
1752658293350 0.7878105044364929 4
1752658293364 0.7722593545913696 5
1752658293379 0.7653117775917053 6
1752658293393 0.7374402284622192 7
1752658293407 0.7283816933631897 8
1752658293421 0.7294633984565735 9
1752658293436 0.7122227549552917 10
1752658293451 0.6910998821258545 11
1752658293466 0.7062342762947083 12
1752658293480 0.6987766623497009 13
1752658293495 0.6871145963668823 14
1752658293509 0.6728165745735168 15
1752658293524 0.652073085308075 16
1752658293538 0.6494932174682617 17
1752658293553 0.6592193245887756 18
1752658293567 0.643288254737854 19
1752658293588 0.6087740659713745 20
1752658293620 0.6136309504508972 21
1752658293637 0.6045239567756653 22
1752658293652 0.6168143153190613 23
1752658293675 0.5797483921051025 24
1752658293694 0.5600596070289612 25
1752658293710 0.5606297254562378 26
1752658293727 0.564406156539917 27
1752658293743 0.5122818350791931 28
1752658293760 0.5257960557937622 29
1752658293778 0.5110437870025635 30
1752658293798 0.5064902901649475 31
1752658293815 0.4964805543422699 32
1752658293832 0.5061978101730347 33
1752658293849 0.4956899881362915 34
1752658293865 0.47453513741493225 35
1752658293883 0.4580339193344116 36
1752658293902 0.45291513204574585 37
1752658293921 0.4270567297935486 38
1752658293943 0.43798592686653137 39
1752658293967 0.44277796149253845 40
1752658293989 0.42175841331481934 41
1752658294013 0.4158031642436981 42
1752658294037 0.3860318660736084 43
1752658294058 0.39753130078315735 44
1752658294080 0.36631956696510315 45
1752658294102 0.373008668422699 46
1752658294124 0.3717871904373169 47
1752658294146 0.34349632263183594 48
1752658294168 0.356082022190094 49
1752658294191 0.3422296345233917 50
1752658294211 0.3277071416378021 51
1752658294230 0.3293153941631317 52
1752658294248 0.3431491255760193 53
1752658294269 0.32991042733192444 54
1752658294287 0.2842339277267456 55
1752658294307 0.2998453974723816 56
1752658294326 0.27990448474884033 57
1752658294346 0.28019171953201294 58
1752658294366 0.2619239091873169 59
1752658294386 0.29191064834594727 60
1752658294406 0.26706352829933167 61
1752658294452 0.26168641448020935 62
1752658294481 0.25113439559936523 63
1752658294499 0.25337812304496765 64
1752658294520 0.22499793767929077 65
1752658294541 0.23591484129428864 66
1752658294564 0.21430695056915283 67
1752658294584 0.22187912464141846 68
1752658294604 0.2190476953983307 69
1752658294628 0.20610451698303223 70
1752658294648 0.20499767363071442 71
1752658294671 0.17947602272033691 72
1752658294692 0.17548197507858276 73
1752658294713 0.19433389604091644 74
1752658294733 0.1860167682170868 75
1752658294753 0.1808302402496338 76
1752658294776 0.1677115261554718 77
1752658294799 0.1726808249950409 78
1752658294820 0.14731311798095703 79
1752658294843 0.16678500175476074 80
1752658294863 0.15777261555194855 81
1752658294884 0.1567482203245163 82
1752658294905 0.1325390785932541 83
1752658294925 0.13439808785915375 84
1752658294945 0.15674729645252228 85
1752658294967 0.130894273519516 86
1752658294986 0.12508222460746765 87
1752658295007 0.12294621020555496 88
1752658295027 0.13270345330238342 89
1752658295049 0.10005591809749603 90
1752658295071 0.09341035783290863 91
1752658295096 0.1418946385383606 92
1752658295120 0.11571145802736282 93
1752658295142 0.11733778566122055 94
1752658295162 0.12853160500526428 95
1752658295182 0.11585179716348648 96
1752658295203 0.0934428796172142 97
1752658295221 0.08895183354616165 98
1752658295240 0.12600278854370117 99
1752658295262 0.08037837594747543 100
1752658295282 0.10581929981708527 101
1752658295303 0.11335914582014084 102
1752658295327 0.09250757098197937 103
1752658295349 0.09132757037878036 104
1752658295370 0.09284774959087372 105
1752658295390 0.07106512039899826 106
1752658295411 0.07960233837366104 107
1752658295431 0.083000548183918 108
1752658295457 0.08849838376045227 109
1752658295480 0.08408473432064056 110
1752658295503 0.07323621958494186 111
1752658295526 0.08625086396932602 112
1752658295547 0.07282467186450958 113
1752658295568 0.07001785188913345 114
1752658295588 0.07045567035675049 115
1752658295608 0.09777659922838211 116
1752658295629 0.08372374624013901 117
1752658295649 0.0827479362487793 118
1752658295671 0.09510189294815063 119
1752658295695 0.07572463899850845 120
1752658295714 0.06520245969295502 121
1752658295736 0.07253136485815048 122
1752658295756 0.07166708260774612 123
1752658295776 0.07252272218465805 124
1752658295797 0.06409518420696259 125
1752658295816 0.07354369759559631 126
1752658295838 0.07550367712974548 127
1752658295858 0.07957706600427628 128
1752658295877 0.09933875501155853 129
1752658295899 0.06315711885690689 130
1752658295920 0.06317731738090515 131
1752658295940 0.06322627514600754 132
1752658295960 0.06432534754276276 133
1752658295982 0.049987439066171646 134
1752658296004 0.06654376536607742 135
1752658296025 0.07811712473630905 136
1752658296046 0.0639423131942749 137
1752658296067 0.0572783388197422 138
1752658296088 0.06535395234823227 139
1752658296110 0.06835203617811203 140
1752658296130 0.07409080117940903 141
1752658296151 0.0758468359708786 142
1752658296171 0.06649792194366455 143
1752658296189 0.06264787167310715 144
1752658296210 0.060329828411340714 145
1752658296229 0.05579958111047745 146
1752658296249 0.07463670521974564 147
1752658296268 0.06397011131048203 148
1752658296289 0.05405212193727493 149
1752658296309 0.04995973780751228 150
1752658296328 0.06501853466033936 151
1752658296349 0.06368676573038101 152
1752658296369 0.05112486705183983 153
1752658296389 0.05535831302404404 154
1752658296407 0.04967601224780083 155
1752658296426 0.06979960203170776 156
1752658296446 0.0745111033320427 157
1752658296465 0.07652547955513 158
1752658296484 0.07192496210336685 159
1752658296504 0.05667818337678909 160
1752658296526 0.061005089432001114 161
1752658296544 0.06885721534490585 162
1752658296563 0.05784229189157486 163
1752658296583 0.0571015290915966 164
1752658296602 0.06192709878087044 165
1752658296621 0.050263911485672 166
1752658296642 0.05656082183122635 167
1752658296661 0.04914926737546921 168
1752658296681 0.052462417632341385 169
1752658296702 0.05434725806117058 170
1752658296721 0.049044735729694366 171
1752658296741 0.07401949912309647 172
1752658296762 0.054094649851322174 173
1752658296781 0.04725450277328491 174
1752658296799 0.05893142521381378 175
1752658296819 0.04672595113515854 176
1752658296838 0.05566658824682236 177
1752658296859 0.0647478923201561 178
1752658296878 0.06344372034072876 179
1752658296900 0.051906317472457886 180
1752658296920 0.053470488637685776 181
1752658296939 0.046760618686676025 182
1752658296960 0.053161799907684326 183
1752658296979 0.04490417242050171 184
1752658296997 0.04338296130299568 185
1752658297018 0.0538039393723011 186
1752658297037 0.04632655903697014 187
1752658297056 0.050780557096004486 188
1752658297077 0.058703936636447906 189
1752658297097 0.05198635160923004 190
1752658297117 0.05913742259144783 191
1752658297138 0.055753763765096664 192
1752658297157 0.056013718247413635 193
1752658297177 0.051267869770526886 194
1752658297195 0.05368756502866745 195
1752658297216 0.06076975539326668 196
1752658297235 0.05045029893517494 197
1752658297253 0.05190346762537956 198
1752658297274 0.04531506821513176 199
