1752744601972 0.6999706029891968 0
1752744601978 0.6869725584983826 1
1752744601985 0.6741631627082825 2
1752744601990 0.6615001559257507 3
1752744601995 0.6489428877830505 4
1752744602002 0.636448860168457 5
1752744602010 0.62397700548172 6
1752744602017 0.6114875674247742 7
1752744602023 0.5989422798156738 8
1752744602029 0.5863021612167358 9
1752744602035 0.5735273361206055 10
1752744602040 0.5605767369270325 11
1752744602045 0.5474103093147278 12
1752744602050 0.5339908003807068 13
1752744602057 0.5202854871749878 14
1752744602064 0.5062678456306458 15
1752744602070 0.49191874265670776 16
1752744602078 0.4772271513938904 17
1752744602083 0.4621909260749817 18
1752744602160 0.44681692123413086 19
1752744602166 0.43112149834632874 20
1752744602171 0.4151301085948944 21
1752744602178 0.3988773822784424 22
1752744602184 0.3824065327644348 23
1752744602190 0.3657686114311218 24
1752744602195 0.34902164340019226 25
1752744602201 0.332229346036911 26
1752744602206 0.31546011567115784 27
1752744602212 0.29878556728363037 28
1752744602220 0.28227928280830383 29
1752744602230 0.26601552963256836 30
1752744602239 0.25006812810897827 31
1752744602246 0.23450897634029388 32
1752744602258 0.21940676867961884 33
1752744602267 0.20482516288757324 34
1752744602273 0.1908213496208191 35
1752744602279 0.17744426429271698 36
1752744602284 0.16473297774791718 37
1752744602289 0.15271537005901337 38
1752744602294 0.14140725135803223 39
1752744602300 0.1308121532201767 40
1752744602305 0.12092236429452896 41
1752744602311 0.11172144114971161 42
1752744602317 0.10318849235773087 43
1752744602322 0.09530457109212875 44
1752744602327 0.08806123584508896 45
1752744602333 0.08146940171718597 46
1752744602338 0.07556600868701935 47
1752744602343 0.07041240483522415 48
1752744602348 0.06607519090175629 49
1752744602353 0.06257938593626022 50
1752744602358 0.06107918545603752 51
1752744602363 0.05963090434670448 52
1752744602368 0.058173295110464096 53
1752744602374 0.05665655806660652 54
1752744602380 0.055051855742931366 55
1752744602386 0.05335679650306702 56
1752744602391 0.05159507319331169 57
1752744602397 0.049810923635959625 58
1752744602402 0.04805992916226387 59
1752744602408 0.046398285776376724 60
1752744602413 0.04487244412302971 61
1752744602420 0.04351096227765083 62
1752744602427 0.042319782078266144 63
1752744602432 0.0412822850048542 64
1752744602437 0.040364593267440796 65
1752744602443 0.03952524811029434 66
1752744602448 0.03872623294591904 67
1752744602454 0.03794192150235176 68
1752744602458 0.037163425236940384 69
1752744602464 0.036397892981767654 70
1752744602470 0.03566398099064827 71
1752744602476 0.03498522564768791 72
1752744602481 0.034383077174425125 73
1752744602487 0.033870961517095566 74
1752744602492 0.033450715243816376 75
1752744602497 0.033112164586782455 76
1752744602502 0.03283603489398956 77
1752744602507 0.032599326223134995 78
1752744602512 0.03238143026828766 79
1752744602517 0.032168902456760406 80
1752744602523 0.03195733204483986 81
1752744602528 0.03175017237663269 82
1752744602534 0.031555358320474625 83
1752744602540 0.03146491199731827 84
1752744602545 0.03138003498315811 85
1752744602550 0.03130185231566429 86
1752744602555 0.031230773776769638 87
1752744602560 0.03116641566157341 88
1752744602565 0.03110778145492077 89
1752744602570 0.031080076470971107 90
1752744602575 0.031052952632308006 91
1752744602584 0.031026087701320648 92
1752744602590 0.03099922277033329 93
1752744602596 0.030972160398960114 94
1752744602601 0.03094477578997612 95
1752744602607 0.03093087673187256 96
1752744602613 0.03091672994196415 97
1752744602618 0.03090236708521843 98
1752744602626 0.03088781237602234 99
1752744602631 0.03087310492992401 100
1752744602636 0.030858272686600685 101
1752744602641 0.030850810930132866 102
1752744602646 0.030843297019600868 103
1752744602652 0.030835745856165886 104
1752744602658 0.030828163027763367 105
1752744602663 0.030820565298199654 106
1752744602669 0.030812952667474747 107
1752744602675 0.03080914355814457 108
1752744602680 0.030805328860878944 109
1752744602686 0.030801502987742424 110
1752744602692 0.030797677114605904 111
1752744602698 0.03079383634030819 112
1752744602704 0.03079000487923622 113
1752744602709 0.030788088217377663 114
1752744602715 0.03078615851700306 115
1752744602720 0.030784236267209053 116
1752744602725 0.0307823047041893 117
1752744602731 0.030780373141169548 118
1752744602736 0.030778441578149796 119
1752744602743 0.030777478590607643 120
1752744602749 0.030776506289839745 121
1752744602756 0.030775535851716995 122
1752744602762 0.0307745561003685 123
1752744602768 0.0307735837996006 124
1752744602774 0.030772605910897255 125
1752744602780 0.030772119760513306 126
1752744602786 0.030771629884839058 127
1752744602791 0.030771134421229362 128
1752744602797 0.030770638957619667 129
1752744602803 0.03077014535665512 130
1752744602809 0.030769649893045425 131
1752744602815 0.03076939657330513 132
1752744602822 0.030769141390919685 133
1752744602828 0.03076888807117939 134
1752744602834 0.03076862543821335 135
1752744602840 0.030768373981118202 136
1752744602846 0.03076811321079731 137
1752744602852 0.030767854303121567 138
1752744602866 0.030767593532800674 139
1752744602872 0.03076733835041523 140
1752744602879 0.030767075717449188 141
1752744602885 0.030766814947128296 142
1752744602915 0.030766556039452553 143
1752744602932 0.03076629713177681 144
1752744602939 0.03076602704823017 145
1752744602944 0.03076576441526413 146
1752744602951 0.030765503644943237 147
1752744602958 0.030765242874622345 148
1752744602965 0.030764970928430557 149
1752744602975 0.030764706432819366 150
1752744602984 0.030764443799853325 151
1752744602993 0.030764177441596985 152
1752744603003 0.030763907358050346 153
1752744603012 0.030763639137148857 154
1752744603020 0.030763370916247368 155
1752744603029 0.03076309897005558 156
1752744603039 0.03076282888650894 157
1752744603048 0.030762555077672005 158
1752744603059 0.030762288719415665 159
1752744603072 0.030762018635869026 160
1752744603084 0.03076174296438694 161
1752744603101 0.030761469155550003 162
1752744603115 0.030761199072003365 163
1752744603128 0.03076092153787613 164
1752744603143 0.030760644003748894 165
1752744603158 0.030760368332266808 166
1752744603172 0.03076009452342987 167
1752744603187 0.030759816989302635 168
1752744603202 0.03075954131782055 169
1752744603215 0.030759265646338463 170
1752744603235 0.030758989974856377 171
1752744603248 0.030758704990148544 172
1752744603262 0.030758429318666458 173
1752744603277 0.030758144333958626 174
1752744603290 0.03075786493718624 175
1752744603304 0.030757583677768707 176
1752744603315 0.030757300555706024 177
1752744603327 0.03075701929628849 178
1752744603341 0.030756738036870956 179
1752744603355 0.030756454914808273 180
1752744603371 0.030756168067455292 181
1752744603386 0.03075588494539261 182
1752744603396 0.030755599960684776 183
1752744603407 0.030755313113331795 184
1752744603417 0.030755026265978813 185
1752744603426 0.03075474128127098 186
1752744603436 0.03075444884598255 187
1752744603446 0.03075416572391987 188
1752744603455 0.030753877013921738 189
1752744603465 0.030753586441278458 190
1752744603475 0.030753299593925476 191
1752744603485 0.030753005295991898 192
1752744603495 0.030752716585993767 193
1752744603505 0.030752427875995636 194
1752744603512 0.030752133578062057 195
1752744603520 0.030751843005418777 196
1752744603528 0.03075154684484005 197
1752744603537 0.03075125440955162 198
1752744603546 0.03075096383690834 199
