1752746007073 0.7488166689872742 0
1752746007084 0.7357025742530823 1
1752746007091 0.7230055332183838 2
1752746007097 0.7106666564941406 3
1752746007103 0.6986206769943237 4
1752746007108 0.6868028044700623 5
1752746007113 0.6751518249511719 6
1752746007118 0.663611114025116 7
1752746007124 0.6521293520927429 8
1752746007129 0.6406611204147339 9
1752746007134 0.6291654109954834 10
1752746007141 0.6176053881645203 11
1752746007148 0.6059463620185852 12
1752746007153 0.5941561460494995 13
1752746007158 0.5822042226791382 14
1752746007164 0.5700621008872986 15
1752746007170 0.557702898979187 16
1752746007178 0.5451018214225769 17
1752746007186 0.5322363376617432 18
1752746007193 0.5190855860710144 19
1752746007200 0.5056320428848267 20
1752746007208 0.49186035990715027 21
1752746007215 0.4777587056159973 22
1752746007221 0.4633188843727112 23
1752746007228 0.4485369026660919 24
1752746007234 0.43341314792633057 25
1752746007240 0.41795310378074646 26
1752746007246 0.4021674692630768 27
1752746007252 0.3860724866390228 28
1752746007258 0.36968985199928284 29
1752746007264 0.3530466556549072 30
1752746007270 0.33617478609085083 31
1752746007276 0.3191099464893341 32
1752746007283 0.30189135670661926 33
1752746007289 0.2845613956451416 34
1752746007297 0.2671657204627991 35
1752746007306 0.2497536540031433 36
1752746007315 0.23237916827201843 37
1752746007323 0.21510213613510132 38
1752746007330 0.1979900300502777 39
1752746007337 0.18112033605575562 40
1752746007343 0.16458307206630707 41
1752746007350 0.14848431944847107 42
1752746007356 0.1329493373632431 43
1752746007362 0.11812528222799301 44
1752746007368 0.10418245196342468 45
1752746007374 0.09131298214197159 46
1752746007380 0.07972531020641327 47
1752746007387 0.06963199377059937 48
1752746007395 0.06122599542140961 49
1752746007402 0.054640352725982666 50
1752746007410 0.04988936707377434 51
1752746007418 0.046806700527668 52
1752746007431 0.045025572180747986 53
1752746007439 0.044052936136722565 54
1752746007448 0.04342968761920929 55
1752746007458 0.04288390651345253 56
1752746007469 0.042367469519376755 57
1752746007479 0.04194558784365654 58
1752746007490 0.041613880544900894 59
1752746007503 0.04119250178337097 60
1752746007518 0.04042155668139458 61
1752746007531 0.039168957620859146 62
1752746007544 0.03752301633358002 63
1752746007556 0.03572148457169533 64
1752746007570 0.03402227908372879 65
1752746007583 0.03260243311524391 66
1752746007596 0.03151915222406387 67
1752746007606 0.030731694772839546 68
1752746007616 0.030157828703522682 69
1752746007626 0.029727188870310783 70
1752746007637 0.029405513778328896 71
1752746007647 0.02918880805373192 72
1752746007657 0.02908260002732277 73
1752746007670 0.029082372784614563 74
1752746007680 0.029163973405957222 75
1752746007690 0.029285818338394165 76
1752746007698 0.029399607330560684 77
1752746007706 0.029463712126016617 78
1752746007714 0.029453439638018608 79
1752746007723 0.0293645691126585 80
1752746007732 0.029210111126303673 81
1752746007740 0.0290126483887434 82
1752746007748 0.028795812278985977 83
1752746007756 0.02857784740626812 84
1752746007764 0.02836882509291172 85
1752746007772 0.028171584010124207 86
1752746007780 0.02798507548868656 87
1752746007787 0.02780819684267044 88
1752746007795 0.02772192656993866 89
1752746007803 0.027635958045721054 90
1752746007813 0.027552440762519836 91
1752746007821 0.027473589405417442 92
1752746007829 0.027401188388466835 93
1752746007836 0.027336202561855316 94
1752746007843 0.027306469157338142 95
1752746007849 0.027278315275907516 96
1752746007857 0.02725149877369404 97
1752746007865 0.02722572162747383 98
1752746007872 0.02720070071518421 99
1752746007879 0.027176154777407646 100
1752746007886 0.0271639134734869 101
1752746007894 0.027151567861437798 102
1752746007903 0.027139101177453995 103
1752746007909 0.027126511558890343 104
1752746007916 0.027113793417811394 105
1752746007923 0.027100970968604088 106
1752746007930 0.027094507589936256 107
1752746007939 0.02708798460662365 108
1752746007946 0.02708142064511776 109
1752746007954 0.027074815705418587 110
1752746007963 0.027068190276622772 111
1752746007970 0.02706153690814972 112
1752746007978 0.027058204635977745 113
1752746007986 0.027054855599999428 114
1752746007994 0.02705150656402111 115
1752746008002 0.0270481426268816 116
1752746008028 0.02704477496445179 117
1752746008041 0.027041403576731682 118
1752746008049 0.02703971415758133 119
1752746008056 0.027038026601076126 120
1752746008064 0.027036329731345177 121
1752746008071 0.027034632861614227 122
1752746008080 0.02703293226659298 123
1752746008088 0.027031227946281433 124
1752746008095 0.027030372992157936 125
1752746008105 0.02702951990067959 126
1752746008114 0.027028659358620644 127
1752746008122 0.027027802541851997 128
1752746008130 0.027026941999793053 129
1752746008146 0.027026081457734108 130
1752746008158 0.02702564373612404 131
1752746008167 0.027025211602449417 132
1752746008176 0.027024777606129646 133
1752746008186 0.027024343609809875 134
1752746008195 0.027023909613490105 135
1752746008204 0.027023473754525185 136
1752746008212 0.027023248374462128 137
1752746008222 0.02702302858233452 138
1752746008231 0.027022812515497208 139
1752746008240 0.0270225889980793 140
1752746008250 0.02702236920595169 141
1752746008259 0.027022147551178932 142
1752746008267 0.02702203392982483 143
1752746008276 0.02702191472053528 144
1752746008285 0.027021804824471474 145
1752746008294 0.027021685615181923 146
1752746008303 0.02702157199382782 147
1752746008318 0.027021456509828568 148
1752746008328 0.027021344751119614 149
1752746008338 0.027021227404475212 150
1752746008349 0.027021106332540512 151
1752746008358 0.02702098898589611 152
1752746008367 0.027020873501896858 153
1752746008376 0.027020756155252457 154
1752746008385 0.027020636945962906 155
1752746008393 0.027020517736673355 156
1752746008401 0.027020404115319252 157
1752746008409 0.027020283043384552 158
1752746008417 0.027020163834095 159
1752746008426 0.0270200464874506 160
1752746008437 0.0270199254155159 161
1752746008445 0.02701980620622635 162
1752746008454 0.027019686996936798 163
1752746008462 0.02701956406235695 164
1752746008472 0.027019444853067398 165
1752746008480 0.027019323781132698 166
1752746008488 0.0270191989839077 167
1752746008496 0.02701907977461815 168
1752746008505 0.02701895497739315 169
1752746008514 0.02701883390545845 170
1752746008523 0.0270187109708786 171
1752746008532 0.0270185898989439 172
1752746008540 0.027018466964364052 173
1752746008548 0.027018340304493904 174
1752746008556 0.027018215507268906 175
1752746008563 0.027018096297979355 176
1752746008571 0.027017969638109207 177
1752746008579 0.02701784484088421 178
1752746008587 0.02701772004365921 179
1752746008595 0.027017593383789062 180
1752746008605 0.027017468586564064 181
1752746008615 0.027017341926693916 182
1752746008624 0.027017217129468918 183
1752746008634 0.027017096057534218 184
1752746008643 0.027016963809728622 185
1752746008653 0.027016835287213326 186
1752746008662 0.02701670676469803 187
1752746008671 0.02701658383011818 188
1752746008680 0.027016453444957733 189
1752746008688 0.027016324922442436 190
1752746008699 0.02701619639992714 191
1752746008707 0.027016067877411842 192
1752746008715 0.027015937492251396 193
1752746008723 0.02701581083238125 194
1752746008734 0.027015678584575653 195
1752746008743 0.027015550062060356 196
1752746008753 0.02701542153954506 197
1752746008761 0.027015289291739464 198
1752746008770 0.027015158906579018 199
