1753629272227 2.026474952697754 0
1753629272235 1.9940968751907349 1
1753629272243 1.961865782737732 2
1753629272249 1.9297105073928833 3
1753629272256 1.897565245628357 4
1753629272263 1.865348219871521 5
1753629272269 1.8329623937606812 6
1753629272276 1.8002890348434448 7
1753629272282 1.7671937942504883 8
1753629272290 1.7335282564163208 9
1753629272297 1.6991366147994995 10
1753629272305 1.6638603210449219 11
1753629272313 1.627545952796936 12
1753629272319 1.59004545211792 13
1753629272326 1.5512207746505737 14
1753629272333 1.510945200920105 15
1753629272340 1.4691048860549927 16
1753629272347 1.4256006479263306 17
1753629272353 1.380348563194275 18
1753629272360 1.3332840204238892 19
1753629272367 1.2843645811080933 20
1753629272374 1.2335731983184814 21
1753629272381 1.1809238195419312 22
1753629272388 1.1264653205871582 23
1753629272395 1.070286750793457 24
1753629272402 1.012521743774414 25
1753629272409 0.9533527493476868 26
1753629272415 0.8930143713951111 27
1753629272422 0.8317961692810059 28
1753629272428 0.7700433731079102 29
1753629272435 0.7081551551818848 30
1753629272441 0.6465820074081421 31
1753629272449 0.5858190059661865 32
1753629272456 0.5263960361480713 33
1753629272462 0.46886494755744934 34
1753629272469 0.4137839376926422 35
1753629272476 0.36169692873954773 36
1753629272482 0.31311166286468506 37
1753629272489 0.2684755027294159 38
1753629272497 0.2281501293182373 39
1753629272504 0.1923873871564865 40
1753629272511 0.16130831837654114 41
1753629272519 0.13488741219043732 42
1753629272526 0.1129467710852623 43
1753629272533 0.0951613262295723 44
1753629272540 0.08107993751764297 45
1753629272546 0.07015922665596008 46
1753629272553 0.06180751323699951 47
1753629272559 0.055430978536605835 48
1753629272566 0.050475429743528366 49
1753629272572 0.04645797610282898 50
1753629272580 0.042987074702978134 51
1753629272587 0.039770737290382385 52
1753629272594 0.03661466762423515 53
1753629272601 0.03341267630457878 54
1753629272609 0.030132180079817772 55
1753629272615 0.02679634653031826 56
1753629272622 0.02346622757613659 57
1753629272628 0.02022351138293743 58
1753629272635 0.017155908048152924 59
1753629272642 0.014344693161547184 60
1753629272649 0.011855914257466793 61
1753629272658 0.009734313935041428 62
1753629272665 0.008000225760042667 63
1753629272672 0.006649382412433624 64
1753629272678 0.005655201617628336 65
1753629272685 0.004972981754690409 66
1753629272692 0.004545654635876417 67
1753629272699 0.004309960175305605 68
1753629272705 0.0042024594731628895 69
1753629272712 0.004164830315858126 70
1753629272720 0.004147657658904791 71
1753629272729 0.0041129025630652905 72
1753629272736 0.004034763667732477 73
1753629272743 0.003899320727214217 74
1753629272751 0.0037032158579677343 75
1753629272759 0.0034516428131610155 76
1753629272766 0.00329635594971478 77
1753629272773 0.0031104369554668665 78
1753629272780 0.002901002997532487 79
1753629272787 0.0026753575075417757 80
1753629272794 0.002440571552142501 81
1753629272802 0.0022032458800822496 82
1753629272810 0.002083607716485858 83
1753629272817 0.0019621902611106634 84
1753629272824 0.0018404815346002579 85
1753629272831 0.001719837193377316 86
1753629272838 0.0016014178982004523 87
1753629272845 0.0014862044481560588 88
1753629272852 0.0014298689784482121 89
1753629272860 0.0013742625014856458 90
1753629272867 0.0013195626670494676 91
1753629272876 0.0012659267522394657 92
1753629272884 0.001213479321449995 93
1753629272891 0.0011623265454545617 94
1753629272898 0.001137270126491785 95
1753629272905 0.0011125582968816161 96
1753629272912 0.0010882139904424548 97
1753629272919 0.001064245356246829 98
1753629272925 0.0010406606597825885 99
1753629272932 0.0010174645576626062 100
1753629272940 0.0010060272179543972 101
1753629272947 0.000994699657894671 102
1753629272955 0.0009834838565438986 103
1753629272962 0.0009723760304041207 104
1753629272970 0.0009613796137273312 105
1753629272978 0.0009504939080215991 106
1753629272987 0.0009450904908590019 107
1753629272995 0.0009397226385772228 108
1753629273002 0.0009343752753920853 109
1753629273009 0.0009290680172853172 110
1753629273017 0.0009237807826139033 111
1753629273025 0.0009185145027004182 112
1753629273032 0.0009158958564512432 113
1753629273039 0.0009132825653068721 114
1753629273047 0.0009106744546443224 115
1753629273054 0.0009080704185180366 116
1753629273061 0.0009054710972122848 117
1753629273068 0.000902874453458935 118
1753629273075 0.0009015796822495759 119
1753629273082 0.0009002879378385842 120
1753629273090 0.0008989919442683458 121
1753629273099 0.0008976978133432567 122
1753629273106 0.0008964035077951849 123
1753629273113 0.0008951054769568145 124
1753629273120 0.0008944545406848192 125
1753629273128 0.0008938044193200767 126
1753629273135 0.0008931512129493058 127
1753629273142 0.0008924983558245003 128
1753629273149 0.0008918445091694593 129
1753629273156 0.0008911893819458783 130
1753629273164 0.000890855211764574 131
1753629273172 0.0008905183058232069 132
1753629273180 0.0008901797118596733 133
1753629273187 0.0008898379746824503 134
1753629273194 0.0008894968195818365 135
1753629273201 0.0008891642210073769 136
1753629273208 0.0008888172451406717 137
1753629273215 0.0008884742273949087 138
1753629273223 0.0008881306275725365 139
1753629273230 0.0008877869695425034 140
1753629273237 0.0008874458144418895 141
1753629273246 0.0008870982564985752 142
1753629273254 0.0008867550641298294 143
1753629273261 0.000886405527126044 144
1753629273269 0.0008860587258823216 145
1753629273276 0.000885714020114392 146
1753629273283 0.0008853594772517681 147
1753629273290 0.0008850113372318447 148
1753629273297 0.0008846589480526745 149
1753629273305 0.0008843075484037399 150
1753629273313 0.0008839528891257942 151
1753629273321 0.0008836021297611296 152
1753629273330 0.0008832444436848164 153
1753629273337 0.0008828883874230087 154
1753629273344 0.0008825293625704944 155
1753629273351 0.0008821709197945893 156
1753629273359 0.0008818155038170516 157
1753629273367 0.0008814494940452278 158
1753629273374 0.0008810909348540008 159
1753629273382 0.0008807296981103718 160
1753629273389 0.0008803685777820647 161
1753629273398 0.0008799996576271951 162
1753629273406 0.0008796374313533306 163
1753629273413 0.0008792723529040813 164
1753629273421 0.00087890395661816 165
1753629273428 0.0008785367826931179 166
1753629273435 0.0008781679789535701 167
1753629273443 0.0008777971961535513 168
1753629273451 0.0008774310699664056 169
1753629273460 0.0008770572603680193 170
1753629273470 0.000876682111993432 171
1753629273479 0.0008763135992921889 172
1753629273487 0.0008759367628954351 173
1753629273496 0.0008755626040510833 174
1753629273504 0.000875190133228898 175
1753629273512 0.0008748142863623798 176
1753629273521 0.0008744398946873844 177
1753629273529 0.0008740570046938956 178
1753629273537 0.0008736785384826362 179
1753629273545 0.0008733017020858824 180
1753629273554 0.0008729191613383591 181
1753629273563 0.0008725395309738815 182
1753629273571 0.0008721581543795764 183
1753629273579 0.0008717713062651455 184
1753629273586 0.0008713863790035248 185
1753629273595 0.0008710061083547771 186
1753629273603 0.0008706168737262487 187
1753629273612 0.0008702334598638117 188
1753629273621 0.0008698434685356915 189
1753629273628 0.0008694538846611977 190
1753629273636 0.0008690680260770023 191
1753629273644 0.0008686791989021003 192
1753629273652 0.0008682883344590664 193
1753629273661 0.0008678964804857969 194
1753629273669 0.0008675038698129356 195
1753629273677 0.0008671153336763382 196
1753629273685 0.0008667194633744657 197
1753629273693 0.0008663245826028287 198
1753629273701 0.0008659352897666395 199
1753629272227 2.026474952697754 0
