1752741731276 0.7628965377807617 0
1752741731283 0.7498139142990112 1
1752741731289 0.7368846535682678 2
1752741731295 0.7240976095199585 3
1752741731301 0.7114312648773193 4
1752741731307 0.6988595128059387 5
1752741731312 0.6863571405410767 6
1752741731318 0.6738996505737305 7
1752741731324 0.6614619493484497 8
1752741731330 0.649018406867981 9
1752741731336 0.6365435123443604 10
1752741731342 0.6240119934082031 11
1752741731348 0.6114000082015991 12
1752741731353 0.5986851453781128 13
1752741731358 0.5858469605445862 14
1752741731364 0.5728676915168762 15
1752741731370 0.5597326755523682 16
1752741731377 0.5464301109313965 17
1752741731385 0.5329517722129822 18
1752741731392 0.5192925930023193 19
1752741731400 0.505450963973999 20
1752741731407 0.4914286434650421 21
1752741731415 0.4772307574748993 22
1752741731423 0.4628656506538391 23
1752741731430 0.44834476709365845 24
1752741731438 0.4336828589439392 25
1752741731445 0.418897807598114 26
1752741731453 0.40401044487953186 27
1752741731462 0.38904470205307007 28
1752741731471 0.37402743101119995 29
1752741731480 0.3589880168437958 30
1752741731490 0.3439587652683258 31
1752741731498 0.3289741277694702 32
1752741731507 0.3140706717967987 33
1752741731516 0.2992868721485138 34
1752741731525 0.2846624553203583 35
1752741731536 0.27023833990097046 36
1752741731546 0.2560557723045349 37
1752741731555 0.24215634167194366 38
1752741731564 0.2285812944173813 39
1752741731573 0.2153709977865219 40
1752741731582 0.2025642991065979 41
1752741731592 0.1901978999376297 42
1752741731601 0.17830577492713928 43
1752741731611 0.16691845655441284 44
1752741731620 0.15606242418289185 45
1752741731629 0.14575959742069244 46
1752741731638 0.13602709770202637 47
1752741731646 0.12687693536281586 48
1752741731655 0.11831642687320709 49
1752741731663 0.110348179936409 50
1752741731672 0.10297050327062607 51
1752741731681 0.09617730230093002 52
1752741731689 0.0899578183889389 53
1752741731698 0.08429539203643799 54
1752741731706 0.07916567474603653 55
1752741731713 0.07453418523073196 56
1752741731721 0.07035421580076218 57
1752741731728 0.06656626611948013 58
1752741731736 0.06310063600540161 59
1752741731743 0.059884119778871536 60
1752741731751 0.056850168853998184 61
1752741731758 0.05395062640309334 62
1752741731768 0.0511651411652565 63
1752741731776 0.048504818230867386 64
1752741731784 0.04600786045193672 65
1752741731793 0.04372689127922058 66
1752741731803 0.04171058163046837 67
1752741731813 0.039984267204999924 68
1752741731822 0.03853671997785568 69
1752741731830 0.037320785224437714 70
1752741731838 0.03627031669020653 71
1752741731847 0.03532592952251434 72
1752741731854 0.03445638716220856 73
1752741731861 0.03366599231958389 74
1752741731868 0.03298679739236832 75
1752741731875 0.03245959430932999 76
1752741731883 0.03211041912436485 77
1752741731890 0.03193163871765137 78
1752741731897 0.031877901405096054 79
1752741731904 0.03188261762261391 80
1752741731911 0.031887419521808624 81
1752741731918 0.031865403056144714 82
1752741731926 0.03182342275977135 83
1752741731933 0.031785234808921814 84
1752741731940 0.031775131821632385 85
1752741731948 0.03176253288984299 86
1752741731955 0.031748007982969284 87
1752741731962 0.03173159807920456 88
1752741731969 0.03171289712190628 89
1752741731976 0.031691279262304306 90
1752741731984 0.031683549284935 91
1752741731991 0.031674399971961975 92
1752741731998 0.0316639170050621 93
1752741732004 0.03165222331881523 94
1752741732010 0.03163941949605942 95
1752741732017 0.031625647097826004 96
1752741732025 0.03162124752998352 97
1752741732033 0.03161659836769104 98
1752741732040 0.031611740589141846 99
1752741732047 0.031606677919626236 100
1752741732053 0.03160145506262779 101
1752741732059 0.03159608319401741 102
1752741732066 0.03159442916512489 103
1752741732073 0.03159274160861969 104
1752741732080 0.0315910167992115 105
1752741732087 0.03158925473690033 106
1752741732093 0.031587474048137665 107
1752741732110 0.031585659831762314 108
1752741732117 0.03158510848879814 109
1752741732126 0.03158455342054367 110
1752741732133 0.0315839909017086 111
1752741732142 0.03158342465758324 112
1752741732149 0.031582847237586975 113
1752741732155 0.031582269817590714 114
1752741732162 0.031582027673721313 115
1752741732170 0.03158178552985191 116
1752741732177 0.031581539660692215 117
1752741732185 0.031581297516822815 118
1752741732192 0.03158104792237282 119
1752741732199 0.03158079460263252 120
1752741732213 0.03158055245876312 121
1752741732220 0.03158029541373253 122
1752741732228 0.03158004209399223 123
1752741732243 0.031579792499542236 124
1752741732250 0.03157953545451164 125
1752741732257 0.03157928213477135 126
1752741732265 0.031579021364450455 127
1752741732273 0.03157876804471016 128
1752741732280 0.03157850354909897 129
1752741732287 0.03157823905348778 130
1752741732294 0.03157798573374748 131
1752741732301 0.031577713787555695 132
1752741732308 0.0315774530172348 133
1752741732315 0.03157718852162361 134
1752741732322 0.03157693147659302 135
1752741732329 0.03157666325569153 136
1752741732337 0.03157639876008034 137
1752741732345 0.03157612681388855 138
1752741732353 0.03157585859298706 139
1752741732361 0.03157559409737587 140
1752741732368 0.031575318425893784 141
1752741732376 0.031575050204992294 142
1752741732383 0.03157477825880051 143
1752741732391 0.03157451003789902 144
1752741732398 0.03157423809170723 145
1752741732406 0.031573958694934845 146
1752741732413 0.03157368302345276 147
1752741732420 0.03157341480255127 148
1752741732427 0.031573135405778885 149
1752741732434 0.0315728597342968 150
1752741732441 0.03157259151339531 151
1752741732448 0.031572308391332626 152
1752741732455 0.03157202899456024 153
1752741732462 0.03157174959778786 154
1752741732469 0.03157147392630577 155
1752741732476 0.031571194529533386 156
1752741732483 0.031570915132761 157
1752741732490 0.03157063201069832 158
1752741732497 0.031570348888635635 159
1752741732504 0.03157007321715355 160
1752741732511 0.03156978636980057 161
1752741732518 0.031569503247737885 162
1752741732525 0.0315692238509655 163
1752741732532 0.03156893700361252 164
1752741732539 0.03156865015625954 165
1752741732546 0.031568367034196854 166
1752741732553 0.03156808391213417 167
1752741732560 0.03156779333949089 168
1752741732567 0.031567513942718506 169
1752741732574 0.03156721591949463 170
1752741732581 0.031566932797431946 171
1752741732588 0.031566642224788666 172
1752741732595 0.031566355377435684 173
1752741732603 0.031566064804792404 174
1752741732611 0.031565770506858826 175
1752741732619 0.031565483659505844 176
1752741732626 0.031565193086862564 177
1752741732634 0.031564902514219284 178
1752741732641 0.031564608216285706 179
1752741732649 0.031564317643642426 180
1752741732656 0.03156402334570885 181
1752741732663 0.03156372532248497 182
1752741732671 0.03156343474984169 183
1752741732679 0.03156314045190811 184
1752741732686 0.03156284615397453 185
1752741732692 0.031562548130750656 186
1752741732698 0.03156225383281708 187
1752741732704 0.0315619595348835 188
1752741732711 0.031561657786369324 189
1752741732718 0.03156135976314545 190
1752741732724 0.03156106919050217 191
1752741732732 0.03156076371669769 192
1752741732740 0.03156046196818352 193
1752741732746 0.03156016767024994 194
1752741732752 0.031559865921735764 195
1752741732760 0.03155956417322159 196
1752741732767 0.03155926614999771 197
1752741732773 0.03155896067619324 198
1752741732779 0.03155865520238876 199
