1752741845720 0.7299060225486755 0
1752741845735 0.7173046469688416 1
1752741845748 0.7049990892410278 2
1752741845762 0.6929656267166138 3
1752741845778 0.681175708770752 4
1752741845793 0.6695950627326965 5
1752741845808 0.6581842303276062 6
1752741845819 0.6468979716300964 7
1752741845830 0.6356890201568604 8
1752741845840 0.6245107650756836 9
1752741845853 0.6133207678794861 10
1752741845864 0.6020810604095459 11
1752741845880 0.5907577276229858 12
1752741845892 0.5793205499649048 13
1752741845906 0.5677419304847717 14
1752741845919 0.5559974908828735 15
1752741845931 0.5440657734870911 16
1752741845942 0.5319289565086365 17
1752741845952 0.5195733308792114 18
1752741845963 0.5069900751113892 19
1752741845973 0.4941752552986145 20
1752741845981 0.4811306297779083 21
1752741845990 0.46786388754844666 22
1752741845999 0.45438843965530396 23
1752741846008 0.4407234191894531 24
1752741846017 0.42689305543899536 25
1752741846029 0.41292598843574524 26
1752741846039 0.39885392785072327 27
1752741846047 0.38471004366874695 28
1752741846056 0.3705272972583771 29
1752741846064 0.35633692145347595 30
1752741846072 0.34216731786727905 31
1752741846080 0.32804349064826965 32
1752741846089 0.31398746371269226 33
1752741846097 0.30001890659332275 34
1752741846105 0.28615692257881165 35
1752741846113 0.27242231369018555 36
1752741846123 0.2588401734828949 37
1752741846133 0.24544160068035126 38
1752741846141 0.2322646677494049 39
1752741846151 0.2193540632724762 40
1752741846160 0.206759512424469 41
1752741846177 0.19453324377536774 42
1752741846189 0.1827264428138733 43
1752741846202 0.17138567566871643 44
1752741846218 0.1605493724346161 45
1752741846254 0.1502448469400406 46
1752741846267 0.1404867023229599 47
1752741846326 0.1312769651412964 48
1752741846341 0.12260648608207703 49
1752741846382 0.11445780098438263 50
1752741846402 0.10680835694074631 51
1752741846417 0.09963397681713104 52
1752741846428 0.09291180223226547 53
1752741846440 0.08662265539169312 54
1752741846452 0.08075274527072906 55
1752741846463 0.07529467344284058 56
1752741846473 0.07024750113487244 57
1752741846482 0.06561556458473206 58
1752741846490 0.06140598654747009 59
1752741846502 0.05762486904859543 60
1752741846515 0.054272811859846115 61
1752741846525 0.05134095251560211 62
1752741846535 0.0488087460398674 63
1752741846544 0.046644262969493866 64
1752741846556 0.04480622708797455 65
1752741846565 0.04324596747756004 66
1752741846576 0.041908517479896545 67
1752741846586 0.040734872221946716 68
1752741846598 0.03966910392045975 69
1752741846613 0.03866914287209511 70
1752741846627 0.037714630365371704 71
1752741846640 0.03680622577667236 72
1752741846652 0.035956937819719315 73
1752741846663 0.03518107905983925 74
1752741846676 0.03448692336678505 75
1752741846688 0.033875878900289536 76
1752741846698 0.033346060663461685 77
1752741846708 0.033106833696365356 78
1752741846718 0.03287918120622635 79
1752741846728 0.032664161175489426 80
1752741846738 0.032462142407894135 81
1752741846750 0.032272402197122574 82
1752741846758 0.032093148678541183 83
1752741846767 0.032005637884140015 84
1752741846777 0.03191765025258064 85
1752741846787 0.031829025596380234 86
1752741846797 0.031739771366119385 87
1752741846805 0.03165001422166824 88
1752741846815 0.03155996650457382 89
1752741846824 0.031514644622802734 90
1752741846833 0.03146885707974434 91
1752741846841 0.031422704458236694 92
1752741846850 0.031376320868730545 93
1752741846858 0.031329795718193054 94
1752741846866 0.03128323704004288 95
1752741846876 0.03125990927219391 96
1752741846885 0.03123648464679718 97
1752741846894 0.03121299482882023 98
1752741846901 0.031189465895295143 99
1752741846910 0.03116590715944767 100
1752741846918 0.031142346560955048 101
1752741846926 0.031130557879805565 102
1752741846936 0.031118743121623993 103
1752741846945 0.031106911599636078 104
1752741846954 0.031095072627067566 105
1752741846963 0.031083226203918457 106
1752741846972 0.03107137233018875 107
1752741846983 0.0310654453933239 108
1752741846993 0.031059505417943 109
1752741847002 0.031053563579916954 110
1752741847010 0.03104761615395546 111
1752741847018 0.031041665002703667 112
1752741847027 0.031035710126161575 113
1752741847035 0.031032726168632507 114
1752741847044 0.031029745936393738 115
1752741847053 0.031026754528284073 116
1752741847062 0.03102376125752926 117
1752741847070 0.031020767986774445 118
1752741847079 0.031017767265439034 119
1752741847087 0.031016269698739052 120
1752741847096 0.03101476840674877 121
1752741847105 0.031013261526823044 122
1752741847115 0.031011752784252167 123
1752741847126 0.03101024404168129 124
1752741847135 0.031008737161755562 125
1752741847143 0.031007975339889526 126
1752741847152 0.03100721910595894 127
1752741847162 0.031006457284092903 128
1752741847173 0.031005695462226868 129
1752741847181 0.031004931777715683 130
1752741847190 0.031004173681139946 131
1752741847200 0.031003780663013458 132
1752741847208 0.03100338950753212 133
1752741847216 0.031002996489405632 134
1752741847225 0.031002603471279144 135
1752741847234 0.031002208590507507 136
1752741847242 0.03100181370973587 137
1752741847250 0.031001418828964233 138
1752741847258 0.031001022085547447 139
1752741847266 0.031000621616840363 140
1752741847275 0.031000224873423576 141
1752741847283 0.03099982440471649 142
1752741847292 0.030999429523944855 143
1752741847300 0.03099903091788292 144
1752741847308 0.030998626723885536 145
1752741847316 0.0309982281178236 146
1752741847324 0.030997823923826218 147
1752741847332 0.030997425317764282 148
1752741847340 0.0309970211237669 149
1752741847348 0.030996616929769516 150
1752741847356 0.030996210873126984 151
1752741847365 0.030995802953839302 152
1752741847373 0.03099539875984192 153
1752741847381 0.030994990840554237 154
1752741847388 0.030994584783911705 155
1752741847398 0.030994175001978874 156
1752741847408 0.030993768945336342 157
1752741847417 0.030993355438113213 158
1752741847426 0.03099295124411583 159
1752741847435 0.0309925340116024 160
1752741847444 0.030992120504379272 161
1752741847452 0.030991706997156143 162
1752741847460 0.030991297215223312 163
1752741847468 0.030990878120064735 164
1752741847476 0.030990470200777054 165
1752741847484 0.030990054830908775 166
1752741847492 0.030989639461040497 167
1752741847499 0.03098922036588192 168
1752741847507 0.03098880499601364 169
1752741847517 0.030988385900855064 170
1752741847526 0.030987964943051338 171
1752741847535 0.03098755143582821 172
1752741847544 0.030987130478024483 173
1752741847552 0.030986705794930458 174
1752741847560 0.03098628856241703 175
1752741847567 0.030985863879323006 176
1752741847574 0.03098544478416443 177
1752741847586 0.030985021963715553 178
1752741847594 0.03098459728062153 179
1752741847604 0.030984176322817802 180
1752741847613 0.03098374791443348 181
1752741847625 0.030983326956629753 182
1752741847637 0.03098289668560028 183
1752741847649 0.030982475727796555 184
1752741847660 0.030982043594121933 185
1752741847671 0.030981620773673058 186
1752741847680 0.030981188639998436 187
1752741847691 0.030980758368968964 188
1752741847701 0.03098032996058464 189
1752741847711 0.03097989782691002 190
1752741847721 0.030979469418525696 191
1752741847731 0.030979035422205925 192
1752741847743 0.030978605151176453 193
1752741847753 0.03097817674279213 194
1752741847763 0.03097774274647236 195
1752741847773 0.03097730688750744 196
1752741847785 0.03097687102854252 197
1752741847795 0.030976438894867897 198
1752741847804 0.03097599931061268 199
