1752658435517 0.5851814150810242 0
1752658435523 0.5846781730651855 1
1752658435529 0.5841755867004395 2
1752658435535 0.5836735367774963 3
1752658435540 0.5831720232963562 4
1752658435546 0.5826708674430847 5
1752658435551 0.5821695327758789 6
1752658435557 0.5816680192947388 7
1752658435562 0.581166684627533 8
1752658435568 0.5806652903556824 9
1752658435573 0.5801638960838318 10
1752658435580 0.5796624422073364 11
1752658435586 0.579160749912262 12
1752658435592 0.5786587595939636 13
1752658435598 0.5781564712524414 14
1752658435604 0.5776536464691162 15
1752658435610 0.5771502256393433 16
1752658435616 0.5766461491584778 17
1752658435621 0.5761411786079407 18
1752658435627 0.5756352543830872 19
1752658435633 0.5751282572746277 20
1752658435639 0.5746199488639832 21
1752658435646 0.5741103291511536 22
1752658435652 0.5735991597175598 23
1752658435658 0.5730862617492676 24
1752658435664 0.5725714564323425 25
1752658435670 0.5720546245574951 26
1752658435676 0.5715357661247253 27
1752658435683 0.5710145235061646 28
1752658435691 0.570490837097168 29
1752658435699 0.5699644684791565 30
1752658435707 0.5694354176521301 31
1752658435714 0.568903386592865 32
1752658435721 0.5683684349060059 33
1752658435727 0.5678303241729736 34
1752658435733 0.5672889351844788 35
1752658435739 0.5667440891265869 36
1752658435745 0.5661957263946533 37
1752658435751 0.5656437277793884 38
1752658435757 0.5650879144668579 39
1752658435763 0.564528226852417 40
1752658435769 0.5639645457267761 41
1752658435776 0.5633929967880249 42
1752658435782 0.5628142952919006 43
1752658435788 0.5622308254241943 44
1752658435795 0.5616423487663269 45
1752658435801 0.5610487461090088 46
1752658435807 0.5604501962661743 47
1752658435813 0.5598463416099548 48
1752658435820 0.5592372417449951 49
1752658435826 0.5586227774620056 50
1752658435833 0.5580024123191833 51
1752658435839 0.5573739409446716 52
1752658435846 0.5567394495010376 53
1752658435852 0.5561019778251648 54
1752658435858 0.5554832816123962 55
1752658435864 0.5548598766326904 56
1752658435870 0.5542316436767578 57
1752658435875 0.5535982847213745 58
1752658435881 0.5529596209526062 59
1752658435888 0.5523184537887573 60
1752658435894 0.5516868829727173 61
1752658435900 0.5510503053665161 62
1752658435906 0.5504084825515747 63
1752658435912 0.549761176109314 64
1752658435918 0.54910808801651 65
1752658435924 0.5484489798545837 66
1752658435930 0.5477837324142456 67
1752658435936 0.5471121072769165 68
1752658435942 0.5464338660240173 69
1752658435948 0.5457488894462585 70
1752658435954 0.5450568795204163 71
1752658435961 0.5443577170372009 72
1752658435967 0.5436603426933289 73
1752658435973 0.5429766774177551 74
1752658435978 0.5422902703285217 75
1752658435984 0.5415964126586914 76
1752658435990 0.5408955812454224 77
1752658435995 0.5401878356933594 78
1752658436001 0.5394731163978577 79
1752658436007 0.5387535095214844 80
1752658436013 0.5380272269248962 81
1752658436020 0.5372936725616455 82
1752658436026 0.5365523099899292 83
1752658436032 0.5357978940010071 84
1752658436037 0.535035252571106 85
1752658436043 0.534264326095581 86
1752658436049 0.5334883332252502 87
1752658436055 0.5327088832855225 88
1752658436060 0.5319213271141052 89
1752658436066 0.531127393245697 90
1752658436072 0.530325174331665 91
1752658436079 0.5295457243919373 92
1752658436085 0.5287591814994812 93
1752658436092 0.5279664993286133 94
1752658436098 0.527167797088623 95
1752658436104 0.5263620018959045 96
1752658436110 0.5255491733551025 97
1752658436117 0.5247291922569275 98
1752658436125 0.5239019393920898 99
1752658436133 0.5230674147605896 100
1752658436140 0.522225558757782 101
1752658436146 0.521377682685852 102
1752658436152 0.5205215811729431 103
1752658436158 0.5196531414985657 104
1752658436164 0.5187755227088928 105
1752658436170 0.5178847908973694 106
1752658436176 0.5169838070869446 107
1752658436181 0.5160736441612244 108
1752658436187 0.5151544213294983 109
1752658436192 0.5142261981964111 110
1752658436198 0.5132889747619629 111
1752658436204 0.5123427510261536 112
1752658436211 0.5113876461982727 113
1752658436217 0.5104235410690308 114
1752658436224 0.5094633102416992 115
1752658436230 0.5085120797157288 116
1752658436235 0.5075531005859375 117
1752658436242 0.5065861940383911 118
1752658436248 0.5056113004684448 119
1752658436253 0.5046288371086121 120
1752658436259 0.5036382079124451 121
1752658436265 0.5026399493217468 122
1752658436271 0.5016338229179382 123
1752658436277 0.5006200075149536 124
1752658436283 0.49959665536880493 125
1752658436289 0.49855947494506836 126
1752658436295 0.4975090026855469 127
1752658436301 0.4964427053928375 128
1752658436307 0.495362788438797 129
1752658436313 0.4942682683467865 130
1752658436319 0.4931607246398926 131
1752658436326 0.4920397996902466 132
1752658436332 0.49090301990509033 133
1752658436338 0.4897613525390625 134
1752658436344 0.48860833048820496 135
1752658436349 0.4874441623687744 136
1752658436355 0.48626258969306946 137
1752658436360 0.4850587248802185 138
1752658436366 0.4838429391384125 139
1752658436372 0.4826144576072693 140
1752658436378 0.4813738465309143 141
1752658436384 0.48012688755989075 142
1752658436389 0.4788667857646942 143
1752658436395 0.47759392857551575 144
1752658436401 0.4763084948062897 145
1752658436408 0.47501060366630554 146
1752658436414 0.4736972153186798 147
1752658436419 0.47236472368240356 148
1752658436425 0.47102388739585876 149
1752658436431 0.4696703255176544 150
1752658436438 0.46830543875694275 151
1752658436445 0.4669288694858551 152
1752658436451 0.4655383229255676 153
1752658436457 0.46413344144821167 154
1752658436463 0.46271592378616333 155
1752658436468 0.4612801969051361 156
1752658436474 0.45983177423477173 157
1752658436480 0.4583705961704254 158
1752658436486 0.4568970501422882 159
1752658436491 0.4554109275341034 160
1752658436498 0.4539148509502411 161
1752658436504 0.45240503549575806 162
1752658436510 0.45088323950767517 163
1752658436516 0.4493485391139984 164
1752658436522 0.44780275225639343 165
1752658436528 0.44624564051628113 166
1752658436534 0.44467711448669434 167
1752658436539 0.443097323179245 168
1752658436545 0.4415062665939331 169
1752658436551 0.43990394473075867 170
1752658436557 0.438290536403656 171
1752658436563 0.4366658926010132 172
1752658436569 0.4350302219390869 173
1752658436575 0.4333789050579071 174
1752658436581 0.43171173334121704 175
1752658436588 0.4300321340560913 176
1752658436594 0.4283403158187866 177
1752658436600 0.426636278629303 178
1752658436606 0.4249202013015747 179
1752658436612 0.4231923520565033 180
1752658436619 0.4214528799057007 181
1752658436627 0.4197019040584564 182
1752658436634 0.41794508695602417 183
1752658436644 0.4161788821220398 184
1752658436650 0.41440415382385254 185
1752658436657 0.41262906789779663 186
1752658436663 0.41085052490234375 187
1752658436671 0.40906473994255066 188
1752658436677 0.40726956725120544 189
1752658436683 0.4054652154445648 190
1752658436693 0.40364623069763184 191
1752658436700 0.4018166959285736 192
1752658436707 0.3999769389629364 193
1752658436734 0.39812713861465454 194
1752658436747 0.3962547779083252 195
1752658436754 0.394369900226593 196
1752658436761 0.39247414469718933 197
1752658436770 0.3905666470527649 198
1752658436777 0.3886432647705078 199
