1752655551783 0.6026965975761414 0
1752655551807 0.5541384816169739 1
1752655551832 0.5510110855102539 2
1752655551855 0.5171214938163757 3
1752655551878 0.4890174865722656 4
1752655551905 0.4818343222141266 5
1752655551929 0.47254401445388794 6
1752655551952 0.45510971546173096 7
1752655551977 0.4362732470035553 8
1752655552009 0.41126930713653564 9
1752655552045 0.37653669714927673 10
1752655552075 0.35071420669555664 11
1752655552100 0.3258829712867737 12
1752655552123 0.2985576093196869 13
1752655552149 0.2284921556711197 14
1752655552173 0.19112874567508698 15
1752655552197 0.13299734890460968 16
1752655552222 0.12211719155311584 17
1752655552253 0.127685084939003 18
1752655552280 0.1637927144765854 19
1752655552316 0.1613280028104782 20
1752655552344 0.10785821825265884 21
1752655552373 0.08397429436445236 22
1752655552401 0.08072337508201599 23
1752655552428 0.09594644606113434 24
1752655552456 0.08911479264497757 25
1752655552485 0.09319069981575012 26
1752655552519 0.09351108968257904 27
1752655552555 0.07535339891910553 28
1752655552595 0.05028799921274185 29
1752655552638 0.09727422893047333 30
1752655552685 0.08420007675886154 31
1752655552736 0.07958339899778366 32
1752655552789 0.0774431824684143 33
1752655552940 0.04614400491118431 34
1752655553087 0.0754389688372612 35
1752655553133 0.06091676652431488 36
1752655553169 0.056005656719207764 37
1752655553202 0.05213150754570961 38
1752655553236 0.04123255982995033 39
1752655553279 0.04903693124651909 40
1752655553318 0.04180016368627548 41
1752655553353 0.05535529926419258 42
1752655553398 0.034923866391181946 43
1752655553436 0.047698792070150375 44
1752655553470 0.0434827022254467 45
1752655553503 0.03799344226717949 46
1752655553536 0.03225521743297577 47
1752655553569 0.03367707133293152 48
1752655553602 0.03398379310965538 49
1752655553635 0.036445993930101395 50
1752655553669 0.03618958219885826 51
1752655553703 0.03180002048611641 52
1752655553735 0.030246863141655922 53
1752655553768 0.03352770581841469 54
1752655553802 0.028898492455482483 55
1752655553834 0.030898600816726685 56
1752655553867 0.025874890387058258 57
1752655553899 0.03714047372341156 58
1752655553931 0.02972126379609108 59
1752655553964 0.03600165620446205 60
1752655553999 0.030790552496910095 61
1752655554030 0.030639715492725372 62
1752655554064 0.028249043971300125 63
1752655554096 0.03199801594018936 64
1752655554129 0.028962664306163788 65
1752655554161 0.024572240188717842 66
1752655554191 0.025704549625515938 67
1752655554223 0.028734512627124786 68
1752655554254 0.02807537466287613 69
1752655554287 0.026093073189258575 70
1752655554320 0.02650642767548561 71
1752655554353 0.03085744008421898 72
1752655554385 0.023164428770542145 73
1752655554416 0.02775622345507145 74
1752655554449 0.025265926495194435 75
1752655554480 0.02447795867919922 76
1752655554512 0.025657478719949722 77
1752655554543 0.02799651026725769 78
1752655554575 0.02452232502400875 79
1752655554610 0.030241789296269417 80
1752655554645 0.030136462301015854 81
1752655554678 0.03047153353691101 82
1752655554715 0.026181820780038834 83
1752655554751 0.02606566809117794 84
1752655554784 0.026957035064697266 85
1752655554817 0.029448093846440315 86
1752655554852 0.025218401104211807 87
1752655554885 0.027995342388749123 88
1752655554917 0.03696620836853981 89
1752655554952 0.024757014587521553 90
1752655554986 0.032786350697278976 91
1752655555018 0.027871951460838318 92
1752655555050 0.02707824297249317 93
1752655555085 0.026397500187158585 94
1752655555118 0.028385737910866737 95
1752655555151 0.02768106386065483 96
1752655555184 0.02538461424410343 97
1752655555216 0.029526853933930397 98
1752655555247 0.02531912922859192 99
1752655555281 0.025700248777866364 100
1752655555313 0.023321891203522682 101
1752655555345 0.02296697162091732 102
1752655555379 0.022911161184310913 103
1752655555410 0.024709340184926987 104
1752655555440 0.024882005527615547 105
1752655555473 0.02260468900203705 106
1752655555506 0.021304914727807045 107
1752655555538 0.022219596430659294 108
1752655555571 0.02389092557132244 109
1752655555605 0.022346938028931618 110
1752655555638 0.022901587188243866 111
1752655555672 0.022059066221117973 112
1752655555705 0.024516724050045013 113
1752655555737 0.02311980165541172 114
1752655555769 0.022322239354252815 115
1752655555802 0.02188752219080925 116
1752655555833 0.022797778248786926 117
1752655555865 0.023811958730220795 118
1752655555896 0.02238170988857746 119
1752655555932 0.02321929857134819 120
1752655555965 0.024741852656006813 121
1752655555998 0.022816672921180725 122
1752655556031 0.024449622258543968 123
1752655556063 0.022485829889774323 124
1752655556096 0.022030893713235855 125
1752655556128 0.02461620233952999 126
1752655556159 0.021664800122380257 127
1752655556195 0.020802156999707222 128
1752655556229 0.022625857964158058 129
1752655556264 0.02189011685550213 130
1752655556297 0.021772261708974838 131
1752655556331 0.022104015573859215 132
1752655556367 0.02150927111506462 133
1752655556402 0.02253073640167713 134
1752655556437 0.020877903327345848 135
1752655556472 0.02129238098859787 136
1752655556506 0.022718211635947227 137
1752655556539 0.021697349846363068 138
1752655556571 0.022574426606297493 139
1752655556605 0.02254006266593933 140
1752655556640 0.024226386100053787 141
1752655556673 0.023933278396725655 142
1752655556710 0.021079329773783684 143
1752655556743 0.022402143105864525 144
1752655556775 0.02357809990644455 145
1752655556807 0.024099620059132576 146
1752655556839 0.023709028959274292 147
1752655556873 0.020787891000509262 148
1752655556904 0.0213114395737648 149
1752655556939 0.021379657089710236 150
1752655556973 0.023920753970742226 151
1752655557005 0.023763271048665047 152
1752655557037 0.022638315334916115 153
1752655557070 0.019514359533786774 154
1752655557104 0.02190391533076763 155
1752655557136 0.02026614360511303 156
1752655557168 0.019179092720150948 157
1752655557200 0.019353289157152176 158
1752655557232 0.021273361518979073 159
1752655557265 0.021330442279577255 160
1752655557298 0.020399833098053932 161
1752655557330 0.02216223068535328 162
1752655557363 0.02153416909277439 163
1752655557394 0.0237319003790617 164
1752655557426 0.02226698212325573 165
1752655557460 0.022311005741357803 166
1752655557493 0.020620422437787056 167
1752655557525 0.021152542904019356 168
1752655557556 0.021617809310555458 169
1752655557588 0.018863782286643982 170
1752655557621 0.02021084912121296 171
1752655557655 0.021104885265231133 172
1752655557687 0.021003304049372673 173
1752655557719 0.020527664572000504 174
1752655557750 0.02178215980529785 175
1752655557782 0.02200222574174404 176
1752655557814 0.02186061441898346 177
1752655557846 0.02210681326687336 178
1752655557878 0.019817303866147995 179
1752655557912 0.022265395149588585 180
1752655557943 0.02144780568778515 181
1752655557977 0.02183898352086544 182
1752655558010 0.02160041220486164 183
1752655558041 0.020000826567411423 184
1752655558073 0.020719656720757484 185
1752655558106 0.02052931673824787 186
1752655558138 0.02005012519657612 187
1752655558167 0.019679412245750427 188
1752655558199 0.020982544869184494 189
1752655558233 0.022301724180579185 190
1752655558265 0.01920061744749546 191
1752655558296 0.020941900089383125 192
1752655558329 0.019089994952082634 193
1752655558364 0.021068764850497246 194
1752655558396 0.021282339468598366 195
1752655558428 0.020425116643309593 196
1752655558460 0.019747601822018623 197
1752655558493 0.019733568653464317 198
1752655558524 0.021424824371933937 199
