1752745810785 0.7697904109954834 0
1752745810792 0.7577849626541138 1
1752745810799 0.7458670139312744 2
1752745810808 0.734010636806488 3
1752745810815 0.7221946716308594 4
1752745810822 0.7103968858718872 5
1752745810829 0.6985933780670166 6
1752745810835 0.6867585182189941 7
1752745810841 0.67486572265625 8
1752745810847 0.6628872156143188 9
1752745810853 0.6507952213287354 10
1752745810860 0.6385617852210999 11
1752745810867 0.6261594295501709 12
1752745810874 0.6135613918304443 13
1752745810881 0.6007416844367981 14
1752745810889 0.5876750349998474 15
1752745810896 0.5743374228477478 16
1752745810905 0.5607067346572876 17
1752745810912 0.5467625260353088 18
1752745810921 0.5324867963790894 19
1752745810929 0.5178648829460144 20
1752745810940 0.5028845071792603 21
1752745810950 0.48753705620765686 22
1752745810962 0.47181829810142517 23
1752745810972 0.45572856068611145 24
1752745810983 0.4392746090888977 25
1752745810995 0.42246997356414795 26
1752745811007 0.4053359925746918 27
1752745811020 0.38790252804756165 28
1752745811034 0.3702083230018616 29
1752745811048 0.3523012697696686 30
1752745811061 0.3342379331588745 31
1752745811076 0.3160829246044159 32
1752745811091 0.29790738224983215 33
1752745811119 0.27978765964508057 34
1752745811140 0.2618029713630676 35
1752745811159 0.24403376877307892 36
1752745811175 0.2265598326921463 37
1752745811188 0.2094590961933136 38
1752745811199 0.19280710816383362 39
1752745811210 0.17667752504348755 40
1752745811220 0.1611437052488327 41
1752745811234 0.14628125727176666 42
1752745811243 0.13217194378376007 43
1752745811251 0.11890847980976105 44
1752745811260 0.10659968107938766 45
1752745811268 0.09537453949451447 46
1752745811278 0.08538275957107544 47
1752745811290 0.07678674161434174 48
1752745811323 0.06973794102668762 49
1752745811334 0.06432902067899704 50
1752745811345 0.06052151694893837 51
1752745811356 0.05807257816195488 52
1752745811366 0.05652044713497162 53
1752745811375 0.055286508053541183 54
1752745811384 0.05386790260672569 55
1752745811395 0.05200536549091339 56
1752745811406 0.050811514258384705 57
1752745811418 0.04939007759094238 58
1752745811429 0.047857750207185745 59
1752745811439 0.04633327201008797 60
1752745811450 0.04491841048002243 61
1752745811464 0.043684687465429306 62
1752745811476 0.043142542243003845 63
1752745811487 0.042643558233976364 64
1752745811497 0.04218573123216629 65
1752745811510 0.041763849556446075 66
1752745811523 0.04137056693434715 67
1752745811536 0.04099741950631142 68
1752745811547 0.04081304371356964 69
1752745811561 0.04062507301568985 70
1752745811573 0.04043262451887131 71
1752745811586 0.04023522138595581 72
1752745811597 0.040032755583524704 73
1752745811610 0.039825450628995895 74
1752745811623 0.03971927985548973 75
1752745811637 0.03961053863167763 76
1752745811653 0.03949959576129913 77
1752745811664 0.039386823773384094 78
1752745811680 0.03927261009812355 79
1752745811689 0.039157312363386154 80
1752745811702 0.039099182933568954 81
1752745811712 0.03904058784246445 82
1752745811721 0.03898162394762039 83
1752745811730 0.038922399282455444 84
1752745811740 0.03886300325393677 85
1752745811750 0.03880351409316063 86
1752745811759 0.03877372294664383 87
1752745811769 0.038743868470191956 88
1752745811779 0.0387139730155468 89
1752745811790 0.03868405148386955 90
1752745811801 0.03865411877632141 91
1752745811812 0.03862418234348297 92
1752745811821 0.03860921785235405 93
1752745811832 0.03859424218535423 94
1752745811842 0.03857925161719322 95
1752745811853 0.03856426104903221 96
1752745811864 0.0385492667555809 97
1752745811874 0.038534265011548996 98
1752745811886 0.038526758551597595 99
1752745811896 0.03851925581693649 100
1752745811907 0.0385117381811142 101
1752745811917 0.038504213094711304 102
1752745811928 0.03849668428301811 103
1752745811938 0.03848915174603462 104
1752745811951 0.03848538547754288 105
1752745811962 0.038481611758470535 106
1752745811973 0.03847783803939819 107
1752745811984 0.03847406432032585 108
1752745811995 0.038470279425382614 109
1752745812006 0.03846649080514908 110
1752745812015 0.03846455737948418 111
1752745812024 0.03846260532736778 112
1752745812033 0.038460660725831985 113
1752745812042 0.03845871239900589 114
1752745812051 0.0384567566215992 115
1752745812059 0.0384548045694828 116
1752745812067 0.03845284506678581 117
1752745812076 0.03845088928937912 118
1752745812084 0.03844892233610153 119
1752745812093 0.038446955382823944 120
1752745812101 0.038444988429546356 121
1752745812110 0.03844301775097847 122
1752745812118 0.038441043347120285 123
1752745812127 0.038439057767391205 124
1752745812135 0.03843708336353302 125
1752745812145 0.03843509778380394 126
1752745812154 0.03843310847878456 127
1752745812163 0.03843112289905548 128
1752745812172 0.038429129868745804 129
1752745812184 0.03842713683843613 130
1752745812197 0.03842514008283615 131
1752745812210 0.03842313960194588 132
1752745812225 0.0384211391210556 133
1752745812235 0.03841913491487503 134
1752745812244 0.03841712698340416 135
1752745812254 0.03841511532664299 136
1752745812264 0.03841309994459152 137
1752745812273 0.038411084562540054 138
1752745812282 0.03840906545519829 139
1752745812292 0.03840704634785652 140
1752745812300 0.038405027240514755 141
1752745812310 0.038402996957302094 142
1752745812332 0.03840097412467003 143
1752745812340 0.03839893266558647 144
1752745812348 0.03839690238237381 145
1752745812356 0.03839486837387085 146
1752745812364 0.03839283064007759 147
1752745812372 0.038390785455703735 148
1752745812380 0.03838874399662018 149
1752745812388 0.03838670626282692 150
1752745812397 0.038384657353162766 151
1752745812406 0.03838260844349861 152
1752745812414 0.03838055580854416 153
1752745812421 0.03837849199771881 154
1752745812429 0.03837643563747406 155
1752745812437 0.03837438300251961 156
1752745812446 0.03837231546640396 157
1752745812453 0.03837025538086891 158
1752745812461 0.038368187844753265 159
1752745812469 0.03836611658334732 160
1752745812477 0.038364045321941376 161
1752745812486 0.03836197406053543 162
1752745812494 0.03835989534854889 163
1752745812501 0.038357820361852646 164
1752745812509 0.038355741649866104 165
1752745812517 0.038353659212589264 166
1752745812524 0.038351576775312424 167
1752745812532 0.038349490612745285 168
1752745812539 0.038347408175468445 169
1752745812547 0.03834531828761101 170
1752745812555 0.03834322467446327 171
1752745812563 0.038341131061315536 172
1752745812571 0.0383390337228775 173
1752745812579 0.03833694010972977 174
1752745812586 0.03833484277129173 175
1752745812594 0.0383327379822731 176
1752745812602 0.03833063319325447 177
1752745812609 0.03832853212952614 178
1752745812617 0.03832642361521721 179
1752745812624 0.03832431510090828 180
1752745812631 0.03832219913601875 181
1752745812639 0.038320090621709824 182
1752745812646 0.038317978382110596 183
1752745812653 0.03831585869193077 184
1752745812661 0.03831375017762184 185
1752745812668 0.03831163048744202 186
1752745812675 0.03830951079726219 187
1752745812683 0.03830738365650177 188
1752745812690 0.03830526024103165 189
1752745812697 0.038303133100271225 190
1752745812705 0.0383010059595108 191
1752745812713 0.038298871368169785 192
1752745812721 0.038296740502119064 193
1752745812729 0.03829462081193924 194
1752745812737 0.038292478770017624 195
1752745812745 0.038290347903966904 196
1752745812753 0.03828820958733559 197
1752745812761 0.03828606754541397 198
1752745812768 0.038283929228782654 199
