1752657703902 1.1906882524490356 0
1752657703912 1.0457828044891357 1
1752657703922 0.9335784912109375 2
1752657703931 0.811739444732666 3
1752657703940 0.7247827053070068 4
1752657703949 0.6650381088256836 5
1752657703959 0.5935337543487549 6
1752657703968 0.5372346043586731 7
1752657703979 0.4754922389984131 8
1752657703989 0.43372511863708496 9
1752657703999 0.40476447343826294 10
1752657704014 0.3739221692085266 11
1752657704025 0.34285542368888855 12
1752657704035 0.31935325264930725 13
1752657704044 0.29819345474243164 14
1752657704054 0.2745971977710724 15
1752657704064 0.25614380836486816 16
1752657704073 0.2248721420764923 17
1752657704082 0.21143001317977905 18
1752657704091 0.20900681614875793 19
1752657704101 0.1901371330022812 20
1752657704112 0.1672251969575882 21
1752657704121 0.1509687900543213 22
1752657704131 0.1469203531742096 23
1752657704141 0.11327371746301651 24
1752657704150 0.1002492755651474 25
1752657704159 0.0980534553527832 26
1752657704168 0.08043636381626129 27
1752657704178 0.09087517857551575 28
1752657704187 0.07349272072315216 29
1752657704196 0.0672321543097496 30
1752657704209 0.06843878328800201 31
1752657704218 0.06632120162248611 32
1752657704228 0.055952779948711395 33
1752657704237 0.05224592238664627 34
1752657704247 0.05207127705216408 35
1752657704257 0.05318246781826019 36
1752657704267 0.050146955996751785 37
1752657704276 0.05459684133529663 38
1752657704285 0.04301882162690163 39
1752657704295 0.046155739575624466 40
1752657704304 0.05125376582145691 41
1752657704314 0.048196274787187576 42
1752657704323 0.049464866518974304 43
1752657704332 0.04953734204173088 44
1752657704341 0.041448913514614105 45
1752657704351 0.04658748582005501 46
1752657704360 0.05176340788602829 47
1752657704369 0.04505907744169235 48
1752657704386 0.040305640548467636 49
1752657704396 0.04497227817773819 50
1752657704407 0.04043697565793991 51
1752657704417 0.04404749721288681 52
1752657704426 0.03761693462729454 53
1752657704435 0.04349639639258385 54
1752657704444 0.04695281758904457 55
1752657704454 0.042036235332489014 56
1752657704463 0.043330609798431396 57
1752657704472 0.03784211352467537 58
1752657704482 0.04171784594655037 59
1752657704492 0.03385946527123451 60
1752657704502 0.03533200919628143 61
1752657704512 0.04414821416139603 62
1752657704521 0.0394662544131279 63
1752657704530 0.035377178341150284 64
1752657704540 0.038515012711286545 65
1752657704548 0.038688208907842636 66
1752657704558 0.03521808609366417 67
1752657704567 0.033509112894535065 68
1752657704576 0.03417167440056801 69
1752657704586 0.04714668542146683 70
1752657704596 0.038840655237436295 71
1752657704606 0.03552473336458206 72
1752657704615 0.033454325050115585 73
1752657704624 0.03618089482188225 74
1752657704633 0.04263460263609886 75
1752657704642 0.03647807240486145 76
1752657704651 0.036702509969472885 77
1752657704661 0.03690735623240471 78
1752657704670 0.031098106876015663 79
1752657704679 0.040316421538591385 80
1752657704689 0.03618650510907173 81
1752657704699 0.036982566118240356 82
1752657704709 0.04029905050992966 83
1752657704719 0.03564607352018356 84
1752657704728 0.035538483411073685 85
1752657704738 0.03883907571434975 86
1752657704756 0.03293413296341896 87
1752657704768 0.04876577481627464 88
1752657704778 0.0447048656642437 89
1752657704794 0.03854822739958763 90
1752657704806 0.03426317498087883 91
1752657704815 0.03665194287896156 92
1752657704826 0.038970768451690674 93
1752657704836 0.03340732306241989 94
1752657704846 0.03840316832065582 95
1752657704857 0.03958435729146004 96
1752657704867 0.03393213078379631 97
1752657704877 0.04005800932645798 98
1752657704888 0.04480600729584694 99
1752657704898 0.034951865673065186 100
1752657704910 0.03086676076054573 101
1752657704921 0.03110628016293049 102
1752657704931 0.03463887423276901 103
1752657704941 0.038318242877721786 104
1752657704952 0.03362150862812996 105
1752657704963 0.03936487436294556 106
1752657704975 0.03445613011717796 107
1752657704987 0.03609124571084976 108
1752657705001 0.038299065083265305 109
1752657705040 0.03624381870031357 110
1752657705057 0.037723906338214874 111
1752657705074 0.04094158858060837 112
1752657705092 0.03177578002214432 113
1752657705109 0.03451785072684288 114
1752657705126 0.03997527062892914 115
1752657705143 0.03433844819664955 116
1752657705161 0.039079949259757996 117
1752657705177 0.03570178523659706 118
1752657705194 0.03933153674006462 119
1752657705212 0.038815390318632126 120
1752657705227 0.03657332807779312 121
1752657705242 0.03659404069185257 122
1752657705256 0.038664091378450394 123
1752657705270 0.034761834889650345 124
1752657705285 0.03671664744615555 125
1752657705299 0.03598231449723244 126
1752657705323 0.03468310460448265 127
1752657705350 0.03482316806912422 128
1752657705363 0.03840980306267738 129
1752657705376 0.039107661694288254 130
1752657705389 0.038098953664302826 131
1752657705402 0.0433354452252388 132
1752657705414 0.03655700013041496 133
1752657705426 0.039208948612213135 134
1752657705440 0.03701372072100639 135
1752657705452 0.031599149107933044 136
1752657705463 0.03679962456226349 137
1752657705477 0.0359320305287838 138
1752657705489 0.04171055555343628 139
1752657705505 0.04112435132265091 140
1752657705520 0.040116086602211 141
1752657705533 0.03411082550883293 142
1752657705545 0.037742819637060165 143
1752657705559 0.03186623379588127 144
1752657705571 0.03237309679389 145
1752657705584 0.03440612182021141 146
1752657705595 0.038836099207401276 147
1752657705608 0.03925170376896858 148
1752657705621 0.03911494463682175 149
1752657705633 0.03412742540240288 150
1752657705648 0.034351903945207596 151
1752657705672 0.03824727237224579 152
1752657705685 0.03945602476596832 153
1752657705697 0.04346197843551636 154
1752657705711 0.03982026129961014 155
1752657705726 0.033148009330034256 156
1752657705741 0.036559898406267166 157
1752657705754 0.037443384528160095 158
1752657705768 0.037305284291505814 159
1752657705783 0.03900667652487755 160
1752657705796 0.03804294392466545 161
1752657705809 0.035829924046993256 162
1752657705823 0.04181616008281708 163
1752657705835 0.034741923213005066 164
1752657705848 0.03411414101719856 165
1752657705860 0.037189170718193054 166
1752657705873 0.038208045065402985 167
1752657705885 0.03966185823082924 168
1752657705896 0.037289489060640335 169
1752657705910 0.0386425219476223 170
1752657705926 0.03633542358875275 171
1752657705939 0.035761456936597824 172
1752657705953 0.036591537296772 173
1752657705970 0.033802200108766556 174
1752657705991 0.03957900404930115 175
1752657706005 0.03901013731956482 176
1752657706018 0.03869396448135376 177
1752657706033 0.03839990869164467 178
1752657706048 0.03536272048950195 179
1752657706062 0.04420006647706032 180
1752657706076 0.03606991097331047 181
1752657706090 0.040872231125831604 182
1752657706106 0.03719543293118477 183
1752657706120 0.03806266561150551 184
1752657706133 0.04202546551823616 185
1752657706157 0.04329794645309448 186
1752657706176 0.04021560400724411 187
1752657706197 0.03583919629454613 188
1752657706211 0.03821229189634323 189
1752657706226 0.038734253495931625 190
1752657706241 0.03442264348268509 191
1752657706254 0.03460139408707619 192
1752657706268 0.036756958812475204 193
1752657706280 0.03580598905682564 194
1752657706294 0.036475058645009995 195
1752657706307 0.03437814861536026 196
1752657706320 0.041044432669878006 197
1752657706332 0.039417680352926254 198
1752657706345 0.03156214952468872 199
