1753008494742 0.7181223630905151 0
1753008494748 0.7068445682525635 1
1753008494754 0.6956636309623718 2
1753008494759 0.6845515966415405 3
1753008494765 0.6734743714332581 4
1753008494770 0.6623919010162354 5
1753008494776 0.6512620449066162 6
1753008494781 0.6400439143180847 7
1753008494787 0.6287012100219727 8
1753008494794 0.6172031164169312 9
1753008494800 0.605523407459259 10
1753008494807 0.5936400294303894 11
1753008494814 0.581533670425415 12
1753008494820 0.5691877007484436 13
1753008494826 0.5565875768661499 14
1753008494832 0.5437214970588684 15
1753008494838 0.5305800437927246 16
1753008494844 0.5171568393707275 17
1753008494850 0.5034484267234802 18
1753008494856 0.4894544780254364 19
1753008494862 0.47517815232276917 20
1753008494869 0.4606263041496277 21
1753008494875 0.44580960273742676 22
1753008494881 0.4307434558868408 23
1753008494887 0.4154474139213562 24
1753008494893 0.39994654059410095 25
1753008494899 0.3842708170413971 26
1753008494904 0.3684554994106293 27
1753008494910 0.3525411784648895 28
1753008494916 0.3365733027458191 29
1753008494922 0.3206018805503845 30
1753008494928 0.30468058586120605 31
1753008494935 0.288865864276886 32
1753008494941 0.2732155919075012 33
1753008494948 0.257787823677063 34
1753008494955 0.24263949692249298 35
1753008494961 0.2278251200914383 36
1753008494968 0.21339556574821472 37
1753008494975 0.19939684867858887 38
1753008494982 0.1858690232038498 39
1753008494990 0.1728452742099762 40
1753008494999 0.16035136580467224 41
1753008495007 0.14840583503246307 42
1753008495015 0.13702130317687988 43
1753008495022 0.12620703876018524 44
1753008495030 0.11597287654876709 45
1753008495038 0.10633495450019836 46
1753008495046 0.09732209146022797 47
1753008495053 0.08898255974054337 48
1753008495061 0.08138822019100189 49
1753008495069 0.07463236153125763 50
1753008495079 0.06881502270698547 51
1753008495090 0.06400979310274124 52
1753008495099 0.0602111853659153 53
1753008495110 0.058608658611774445 54
1753008495120 0.05708577483892441 55
1753008495128 0.05557706579566002 56
1753008495137 0.05403117462992668 57
1753008495146 0.05241823568940163 58
1753008495155 0.050733406096696854 59
1753008495164 0.049852095544338226 60
1753008495174 0.0489330068230629 61
1753008495181 0.047991640865802765 62
1753008495189 0.04704425483942032 63
1753008495197 0.046106573194265366 64
1753008495205 0.045192621648311615 65
1753008495213 0.044313978403806686 66
1753008495221 0.043479178100824356 67
1753008495229 0.04269350692629814 68
1753008495236 0.04195905104279518 69
1753008495244 0.04127494990825653 70
1753008495253 0.04063793271780014 71
1753008495261 0.04004291072487831 72
1753008495268 0.0394836962223053 73
1753008495276 0.038953784853219986 74
1753008495284 0.03844694048166275 75
1753008495291 0.03795774281024933 76
1753008495299 0.037481989711523056 77
1753008495307 0.03701689466834068 78
1753008495314 0.036561090499162674 79
1753008495322 0.03611452132463455 80
1753008495330 0.03567825257778168 81
1753008495338 0.03525412455201149 82
1753008495345 0.034844446927309036 83
1753008495352 0.03445166349411011 84
1753008495360 0.03407803550362587 85
1753008495366 0.033725425601005554 86
1753008495373 0.03339507803320885 87
1753008495380 0.03308754414319992 88
1753008495386 0.032802656292915344 89
1753008495393 0.03253956884145737 90
1753008495401 0.032296862453222275 91
1753008495408 0.032072730362415314 92
1753008495414 0.031865112483501434 93
1753008495421 0.031671904027462006 94
1753008495428 0.03149110823869705 95
1753008495434 0.03132098913192749 96
1753008495441 0.03116009198129177 97
1753008495447 0.031007375568151474 98
1753008495454 0.03086211159825325 99
1753008495460 0.030723916366696358 100
1753008495468 0.030592598021030426 101
1753008495475 0.03046814538538456 102
1753008495482 0.030350571498274803 103
1753008495490 0.030239876359701157 104
1753008495497 0.03013596311211586 105
1753008495504 0.03003862500190735 106
1753008495510 0.029947498813271523 107
1753008495516 0.029862113296985626 108
1753008495523 0.029781892895698547 109
1753008495530 0.029706208035349846 110
1753008495538 0.029634414240717888 111
1753008495545 0.02956591174006462 112
1753008495553 0.029500139877200127 113
1753008495559 0.02943667396903038 114
1753008495566 0.029375147074460983 115
1753008495573 0.029315326362848282 116
1753008495580 0.029257040470838547 117
1753008495587 0.029200201854109764 118
1753008495594 0.029144756495952606 119
1753008495600 0.02909068763256073 120
1753008495607 0.029037946835160255 121
1753008495615 0.028986511752009392 122
1753008495622 0.028936300426721573 123
1753008495629 0.02888721413910389 124
1753008495636 0.028839142993092537 125
1753008495643 0.028791947290301323 126
1753008495651 0.02874549850821495 127
1753008495658 0.02869965322315693 128
1753008495665 0.028654294088482857 129
1753008495673 0.028609339147806168 130
1753008495681 0.028564708307385445 131
1753008495688 0.02852034568786621 132
1753008495695 0.028476238250732422 133
1753008495701 0.028432367369532585 134
1753008495709 0.0283887330442667 135
1753008495743 0.028345346450805664 136
1753008495769 0.028302209451794624 137
1753008495810 0.02825932763516903 138
1753008495836 0.02821670100092888 139
1753008495857 0.028174305334687233 140
1753008495863 0.02813214249908924 141
1753008495869 0.028090180829167366 142
1753008495876 0.028048407286405563 143
1753008495882 0.02800680324435234 144
1753008495889 0.027965350076556206 145
1753008495896 0.027924049645662308 146
1753008495902 0.027882883325219154 147
1753008495909 0.027841858565807343 148
1753008495915 0.02780097909271717 149
1753008495922 0.02776024304330349 150
1753008495929 0.027719667181372643 151
1753008495936 0.02767925336956978 152
1753008495943 0.027639007195830345 153
1753008495950 0.02759893797338009 154
1753008495956 0.02755904197692871 155
1753008495963 0.027519334107637405 156
1753008495970 0.02747979387640953 157
1753008495976 0.02744043990969658 158
1753008495983 0.02740127220749855 159
1753008495989 0.02736227586865425 160
1753008495997 0.027323463931679726 161
1753008496004 0.027284840121865273 162
1753008496011 0.027246400713920593 163
1753008496018 0.027208156883716583 164
1753008496024 0.027170106768608093 165
1753008496031 0.02713226154446602 166
1753008496039 0.02709462307393551 167
1753008496047 0.02705720067024231 168
1753008496054 0.02701999433338642 169
1753008496061 0.026983005926012993 170
1753008496069 0.02694624476134777 171
1753008496077 0.026909710839390755 172
1753008496084 0.02687341906130314 173
1753008496091 0.026837360113859177 174
1753008496098 0.026801537722349167 175
1753008496105 0.026765968650579453 176
1753008496113 0.026730649173259735 177
1753008496120 0.026695579290390015 178
1753008496127 0.026660768315196037 179
1753008496135 0.0266262236982584 180
1753008496143 0.026591945439577103 181
1753008496151 0.026557935401797295 182
1753008496159 0.02652420662343502 183
1753008496166 0.02649075724184513 184
1753008496173 0.026457592844963074 185
1753008496180 0.02642471343278885 186
1753008496188 0.026392122730612755 187
1753008496194 0.026359833776950836 188
1753008496201 0.02632782980799675 189
1753008496208 0.02629612758755684 190
1753008496216 0.026264730840921402 191
1753008496224 0.02623363584280014 192
1753008496230 0.026202842593193054 193
1753008496237 0.026172354817390442 194
1753008496244 0.026142170652747154 195
1753008496251 0.026112297549843788 196
1753008496257 0.026082733646035194 197
1753008496264 0.026053471490740776 198
1753008496272 0.026024524122476578 199
