1752741969886 0.7612685561180115 0
1752741969892 0.7477468848228455 1
1752741969898 0.734377384185791 2
1752741969906 0.7211376428604126 3
1752741969912 0.7080039381980896 4
1752741969918 0.6949509382247925 5
1752741969924 0.6819524168968201 6
1752741969929 0.6689814329147339 7
1752741969935 0.6560118794441223 8
1752741969941 0.6430197358131409 9
1752741969946 0.6299827694892883 10
1752741969953 0.6168807148933411 11
1752741969958 0.6036941409111023 12
1752741969964 0.5904044508934021 13
1752741969969 0.5769929885864258 14
1752741969975 0.5634415745735168 15
1752741969981 0.5497324466705322 16
1752741969988 0.5358484983444214 17
1752741969993 0.5217730402946472 18
1752741969999 0.5074902176856995 19
1752741970005 0.4929850697517395 20
1752741970011 0.4782435894012451 21
1752741970017 0.46325311064720154 22
1752741970023 0.44800227880477905 23
1752741970030 0.43248194456100464 24
1752741970037 0.41668498516082764 25
1752741970045 0.40060707926750183 26
1752741970052 0.38424715399742126 27
1752741970059 0.3676083981990814 28
1752741970067 0.3506985604763031 29
1752741970074 0.33353155851364136 30
1752741970082 0.31612786650657654 31
1752741970091 0.2985156178474426 32
1752741970100 0.28073182702064514 33
1752741970109 0.26282352209091187 34
1752741970118 0.2448491007089615 35
1752741970127 0.22688013315200806 36
1752741970136 0.2090030312538147 37
1752741970145 0.19132113456726074 38
1752741970154 0.17395713925361633 39
1752741970165 0.15705499053001404 40
1752741970175 0.140781432390213 41
1752741970188 0.12532611191272736 42
1752741970197 0.11089867353439331 43
1752741970206 0.09772124886512756 44
1752741970215 0.08601263165473938 45
1752741970231 0.07595939189195633 46
1752741970241 0.06767214089632034 47
1752741970250 0.06113514304161072 48
1752741970259 0.05617472901940346 49
1752741970268 0.05247997120022774 50
1752741970278 0.04968644678592682 51
1752741970287 0.04748798906803131 52
1752741970296 0.045712683349847794 53
1752741970305 0.044320229440927505 54
1752741970313 0.04332645237445831 55
1752741970320 0.04269947484135628 56
1752741970328 0.04228952154517174 57
1752741970335 0.041848454624414444 58
1752741970342 0.041137196123600006 59
1752741970350 0.04003823921084404 60
1752741970358 0.038592495024204254 61
1752741970365 0.03695659339427948 62
1752741970373 0.035323165357112885 63
1752741970380 0.03384481370449066 64
1752741970392 0.03258926421403885 65
1752741970402 0.03153999522328377 66
1752741970410 0.03063713200390339 67
1752741970418 0.029830200597643852 68
1752741970426 0.029109438881278038 69
1752741970436 0.028502207249403 70
1752741970445 0.028046194463968277 71
1752741970452 0.027760762721300125 72
1752741970461 0.027631964534521103 73
1752741970469 0.027609016746282578 74
1752741970476 0.027595700696110725 75
1752741970483 0.027581313624978065 76
1752741970491 0.027557993307709694 77
1752741970497 0.027521241456270218 78
1752741970504 0.027469737455248833 79
1752741970511 0.02743644267320633 80
1752741970519 0.027395976707339287 81
1752741970525 0.027349689975380898 82
1752741970532 0.02729896456003189 83
1752741970539 0.027245065197348595 84
1752741970547 0.02718907967209816 85
1752741970554 0.027160128578543663 86
1752741970562 0.027130145579576492 87
1752741970570 0.027099328115582466 88
1752741970580 0.02706785686314106 89
1752741970588 0.027035871520638466 90
1752741970595 0.027003489434719086 91
1752741970602 0.026987070217728615 92
1752741970611 0.026970388367772102 93
1752741970619 0.02695348858833313 94
1752741970627 0.026936398819088936 95
1752741970635 0.02691914699971676 96
1752741970642 0.02690177410840988 97
1752741970649 0.026893025264143944 98
1752741970656 0.026884205639362335 99
1752741970666 0.026875320822000504 100
1752741970676 0.026866387575864792 101
1752741970685 0.02685740776360035 102
1752741970693 0.026848401874303818 103
1752741970700 0.026843879371881485 104
1752741970707 0.02683933638036251 105
1752741970715 0.02683478221297264 106
1752741970723 0.02683020383119583 107
1752741970731 0.026825617998838425 108
1752741970740 0.026821019127964973 109
1752741970748 0.026818715035915375 110
1752741970755 0.02681640535593033 111
1752741970762 0.026814082637429237 112
1752741970770 0.026811758056282997 113
1752741970778 0.02680942416191101 114
1752741970786 0.026807086542248726 115
1752741970794 0.02680591680109501 116
1752741970802 0.02680474892258644 117
1752741970810 0.02680356800556183 118
1752741970817 0.026802390813827515 119
1752741970824 0.026801209896802902 120
1752741970833 0.02680002525448799 121
1752741970841 0.026799427345395088 122
1752741970854 0.026798831298947334 123
1752741970872 0.02679823525249958 124
1752741970880 0.02679763175547123 125
1752741970886 0.026797031983733177 126
1752741970893 0.02679642289876938 127
1752741970901 0.026796119287610054 128
1752741970908 0.026795808225870132 129
1752741970918 0.026795493438839912 130
1752741970926 0.02679518051445484 131
1752741970933 0.02679486759006977 132
1752741970941 0.026794558390975 133
1752741970948 0.02679424360394478 134
1752741970956 0.02679392509162426 135
1752741970963 0.026793604716658592 136
1752741970970 0.026793289929628372 137
1752741970976 0.026792971417307854 138
1752741970985 0.026792651042342186 139
1752741970993 0.026792332530021667 140
1752741971000 0.026792012155056 141
1752741971008 0.026791689917445183 142
1752741971015 0.026791365817189217 143
1752741971022 0.026791047304868698 144
1752741971030 0.026790719479322433 145
1752741971038 0.026790399104356766 146
1752741971044 0.0267900712788105 147
1752741971051 0.026789741590619087 148
1752741971058 0.026789413765072823 149
1752741971066 0.026789087802171707 150
1752741971073 0.026788759976625443 151
1752741971081 0.02678843028843403 152
1752741971088 0.026788102462887764 153
1752741971096 0.02678776904940605 154
1752741971102 0.02678743377327919 155
1752741971109 0.026787105947732925 156
1752741971116 0.026786772534251213 157
1752741971123 0.026786435395479202 158
1752741971130 0.02678610198199749 159
1752741971138 0.02678576484322548 160
1752741971145 0.026785435155034065 161
1752741971152 0.026785092428326607 162
1752741971158 0.026784757152199745 163
1752741971165 0.026784420013427734 164
1752741971173 0.026784079149365425 165
1752741971180 0.026783736422657967 166
1752741971188 0.026783397421240807 167
1752741971196 0.026783056557178497 168
1752741971205 0.026782717555761337 169
1752741971212 0.02678237296640873 170
1752741971220 0.026782028377056122 171
1752741971227 0.026781683787703514 172
1752741971235 0.026781341060996056 173
1752741971242 0.0267809946089983 174
1752741971249 0.02678064815700054 175
1752741971256 0.026780303567647934 176
1752741971263 0.026779957115650177 177
1752741971271 0.026779603213071823 178
1752741971278 0.026779256761074066 179
1752741971285 0.02677890658378601 180
1752741971291 0.026778554543852806 181
1752741971299 0.02677820436656475 182
1752741971306 0.026777856051921844 183
1752741971314 0.02677750401198864 184
1752741971321 0.026777150109410286 185
1752741971328 0.026776790618896484 186
1752741971335 0.02677644044160843 187
1752741971341 0.026776086539030075 188
1752741971348 0.026775730773806572 189
1752741971356 0.026775376871228218 190
1752741971363 0.026775019243359566 191
1752741971370 0.026774661615490913 192
1752741971379 0.02677430585026741 193
1752741971389 0.02677394635975361 194
1752741971398 0.026773585006594658 195
1752741971406 0.026773227378726006 196
1752741971413 0.026772864162921906 197
1752741971422 0.026772504672408104 198
1752741971430 0.026772143319249153 199
