1752742899815 0.751078188419342 0
1752742899823 0.7368642091751099 1
1752742899829 0.7228794693946838 2
1752742899835 0.7090945243835449 3
1752742899841 0.6954790949821472 4
1752742899848 0.6819981932640076 5
1752742899854 0.6686194539070129 6
1752742899860 0.6553149223327637 7
1752742899866 0.6420585513114929 8
1752742899872 0.6288245320320129 9
1752742899878 0.6155872941017151 10
1752742899884 0.6023218631744385 11
1752742899892 0.5890040993690491 12
1752742899898 0.5756117701530457 13
1752742899904 0.5621247291564941 14
1752742899911 0.5485253930091858 15
1752742899919 0.5347998738288879 16
1752742899927 0.5209375023841858 17
1752742899934 0.5069316625595093 18
1752742899941 0.49277937412261963 19
1752742899947 0.4784816801548004 20
1752742899956 0.4640432596206665 21
1752742899967 0.4494725465774536 22
1752742899975 0.43478134274482727 23
1752742899984 0.4199845492839813 24
1752742899993 0.4051002562046051 25
1752742900003 0.39014923572540283 26
1752742900013 0.3751547038555145 27
1752742900022 0.36014223098754883 28
1752742900034 0.3451393246650696 29
1752742900048 0.3301752805709839 30
1752742900063 0.31528088450431824 31
1752742900075 0.300488144159317 32
1752742900088 0.28583022952079773 33
1752742900102 0.2713412046432495 34
1752742900115 0.2570559084415436 35
1752742900127 0.24300990998744965 36
1752742900142 0.22923921048641205 37
1752742900153 0.21578016877174377 38
1752742900165 0.20266905426979065 39
1752742900175 0.18994157016277313 40
1752742900187 0.17763227224349976 41
1752742900197 0.1657736897468567 42
1752742900208 0.15439555048942566 43
1752742900218 0.14352372288703918 44
1752742900229 0.13317927718162537 45
1752742900241 0.12337760627269745 46
1752742900251 0.11412795633077621 47
1752742900260 0.10543319582939148 48
1752742900270 0.09729064255952835 49
1752742900279 0.08969352394342422 50
1752742900290 0.08263368904590607 51
1752742900301 0.07610607147216797 52
1752742900310 0.07011450827121735 53
1752742900322 0.06467867642641068 54
1752742900332 0.05984041839838028 55
1752742900342 0.055665288120508194 56
1752742900351 0.05223286524415016 57
1752742900359 0.049607209861278534 58
1752742900368 0.04857143387198448 59
1752742900377 0.04765184596180916 60
1752742900387 0.04680411145091057 61
1752742900400 0.045984819531440735 62
1752742900408 0.04515818506479263 63
1752742900416 0.04430204629898071 64
1752742900425 0.04384547472000122 65
1752742900434 0.043354496359825134 66
1752742900442 0.04283860698342323 67
1752742900451 0.042308978736400604 68
1752742900459 0.041777193546295166 69
1752742900467 0.04125406965613365 70
1752742900477 0.04099706932902336 71
1752742900485 0.040742695331573486 72
1752742900493 0.04049272462725639 73
1752742900501 0.04024853929877281 74
1752742900509 0.040011122822761536 75
1752742900516 0.039781052619218826 76
1752742900524 0.03955860063433647 77
1752742900532 0.039343707263469696 78
1752742900540 0.03913610428571701 79
1752742900548 0.03893531858921051 80
1752742900556 0.03874078765511513 81
1752742900566 0.03855185583233833 82
1752742900574 0.0383678674697876 83
1752742900583 0.038188185542821884 84
1752742900590 0.03801223635673523 85
1752742900598 0.03783954307436943 86
1752742900606 0.03766970708966255 87
1752742900613 0.037502437829971313 88
1752742900621 0.03733755275607109 89
1752742900629 0.037174955010414124 90
1752742900637 0.03701464459300041 91
1752742900645 0.03685668483376503 92
1752742900653 0.03670116886496544 93
1752742900661 0.036548253148794174 94
1752742900670 0.036398109048604965 95
1752742900678 0.03625087812542915 96
1752742900686 0.03610673546791077 97
1752742900693 0.03596580773591995 98
1752742900701 0.035828206688165665 99
1752742900709 0.03569400683045387 100
1752742900717 0.03556323051452637 101
1752742900727 0.03543590009212494 102
1752742900735 0.03531196713447571 103
1752742900743 0.0351913757622242 104
1752742900751 0.03507402539253235 105
1752742900759 0.034959807991981506 106
1752742900767 0.03484858199954033 107
1752742900774 0.03474022075533867 108
1752742900782 0.03463456779718399 109
1752742900809 0.03453148156404495 110
1752742900835 0.03443082049489021 111
1752742900842 0.03433244302868843 112
1752742900849 0.034236226230859756 113
1752742900857 0.03414206951856613 114
1752742900864 0.034049853682518005 115
1752742900870 0.03395950049161911 116
1752742900878 0.03387093544006348 117
1752742900886 0.03378409519791603 118
1752742900893 0.0336989127099514 119
1752742900901 0.0336153618991375 120
1752742900910 0.03353338688611984 121
1752742900918 0.03345295041799545 122
1752742900926 0.03337401896715164 123
1752742900934 0.03329657390713692 124
1752742900941 0.0332205630838871 125
1752742900948 0.0331459641456604 126
1752742900955 0.03307273983955383 127
1752742900964 0.033000849187374115 128
1752742900972 0.032930273562669754 129
1752742900980 0.03286096081137657 130
1752742900989 0.03279288113117218 131
1752742900998 0.0327259860932827 132
1752742901006 0.032660242170095444 133
1752742901014 0.03259561210870743 134
1752742901023 0.032532062381505966 135
1752742901030 0.03246954828500748 136
1752742901038 0.03240805119276047 137
1752742901046 0.032347530126571655 138
1752742901054 0.03228795900940895 139
1752742901061 0.032229308038949966 140
1752742901070 0.03217155113816261 141
1752742901079 0.0321146659553051 142
1752742901087 0.032058630138635635 143
1752742901094 0.032003432512283325 144
1752742901101 0.031949035823345184 145
1752742901108 0.03189544007182121 146
1752742901116 0.031842611730098724 147
1752742901124 0.03179054707288742 148
1752742901132 0.031739212572574615 149
1752742901139 0.03168861195445061 150
1752742901148 0.03163871169090271 151
1752742901158 0.03158950433135033 152
1752742901169 0.03154097497463226 153
1752742901177 0.031493108719587326 154
1752742901185 0.03144586831331253 155
1752742901196 0.03139926493167877 156
1752742901203 0.03135327622294426 157
1752742901210 0.0313078835606575 158
1752742901217 0.0312630720436573 159
1752742901225 0.031218823045492172 160
1752742901234 0.03117513470351696 161
1752742901243 0.031131984665989876 162
1752742901251 0.031089363619685173 163
1752742901259 0.031047262251377106 164
1752742901267 0.03100566938519478 165
1752742901275 0.03096456453204155 166
1752742901283 0.030923942103981972 167
1752742901290 0.030883794650435448 168
1752742901298 0.030844105407595634 169
1752742901312 0.030804870650172234 170
1752742901322 0.030766073614358902 171
1752742901330 0.03072771057486534 172
1752742901338 0.030689768493175507 173
1752742901346 0.030652236193418503 174
1752742901354 0.030615108087658882 175
1752742901362 0.030578380450606346 176
1752742901369 0.030542034655809402 177
1752742901379 0.030506065115332603 178
1752742901388 0.0304704662412405 179
1752742901396 0.030435223132371902 180
1752742901406 0.030400339514017105 181
1752742901414 0.030365794897079468 182
1752742901423 0.030331594869494438 183
1752742901431 0.030297717079520226 184
1752742901439 0.03026416525244713 185
1752742901449 0.03023092821240425 186
1752742901457 0.030198002234101295 187
1752742901466 0.030165376141667366 188
1752742901474 0.030133046209812164 189
1752742901483 0.030101004987955093 190
1752742901492 0.030069250613451004 191
1752742901501 0.030037771910429 192
1752742901509 0.030006561428308487 193
1752742901516 0.02997562102973461 194
1752742901524 0.02994494140148163 195
1752742901532 0.029914511367678642 196
1752742901540 0.02988433837890625 197
1752742901546 0.02985440567135811 198
1752742901553 0.02982470951974392 199
