1752742647353 0.7132750749588013 0
1752742647360 0.7005088925361633 1
1752742647366 0.6878241896629333 2
1752742647372 0.6751890182495117 3
1752742647380 0.6625604629516602 4
1752742647386 0.6498895287513733 5
1752742647392 0.6371282339096069 6
1752742647397 0.6242320537567139 7
1752742647403 0.6111621856689453 8
1752742647410 0.5978862643241882 9
1752742647416 0.5843773484230042 10
1752742647422 0.570612370967865 11
1752742647429 0.5565713047981262 12
1752742647435 0.5422369837760925 13
1752742647443 0.527595579624176 14
1752742647451 0.5126369595527649 15
1752742647460 0.49735599756240845 16
1752742647469 0.4817535877227783 17
1752742647478 0.4658377766609192 18
1752742647486 0.44962504506111145 19
1752742647495 0.4331415295600891 20
1752742647505 0.41642406582832336 21
1752742647515 0.39952099323272705 22
1752742647524 0.3824929893016815 23
1752742647536 0.3654131591320038 24
1752742647550 0.34836679697036743 25
1752742647561 0.33145007491111755 26
1752742647574 0.31476840376853943 27
1752742647585 0.2984328866004944 28
1752742647597 0.28255707025527954 29
1752742647610 0.2672521471977234 30
1752742647622 0.25262221693992615 31
1752742647633 0.2387598603963852 32
1752742647643 0.22574123740196228 33
1752742647653 0.2136223316192627 34
1752742647664 0.20243525505065918 35
1752742647677 0.19218634068965912 36
1752742647691 0.18285484611988068 37
1752742647704 0.17439359426498413 38
1752742647716 0.16673141717910767 39
1752742647726 0.1597771942615509 40
1752742647736 0.15342555940151215 41
1752742647747 0.14756351709365845 42
1752742647756 0.1447664499282837 43
1752742647764 0.1420157104730606 44
1752742647772 0.1392917037010193 45
1752742647780 0.13657890260219574 46
1752742647788 0.13386555016040802 47
1752742647798 0.13114315271377563 48
1752742647805 0.1297706663608551 49
1752742647813 0.12838275730609894 50
1752742647825 0.12698052823543549 51
1752742647837 0.1255652904510498 52
1752742647846 0.1241384893655777 53
1752742647854 0.12270168960094452 54
1752742647862 0.12197861075401306 55
1752742647869 0.12125120311975479 56
1752742647876 0.12052014470100403 57
1752742647883 0.11978612840175629 58
1752742647890 0.11904972791671753 59
1752742647896 0.11831152439117432 60
1752742647903 0.11794164776802063 61
1752742647911 0.11757107079029083 62
1752742647919 0.11719996482133865 63
1752742647926 0.11682848632335663 64
1752742647933 0.11645675450563431 65
1752742647940 0.11608489602804184 66
1752742647946 0.11589891463518143 67
1752742647953 0.11571289598941803 68
1752742647960 0.11552685499191284 69
1752742647968 0.11534083634614944 70
1752742647975 0.11515486240386963 71
1752742647982 0.11496894806623459 72
1752742647989 0.11487601697444916 73
1752742647996 0.11478311568498611 74
1752742648004 0.11469025164842606 75
1752742648010 0.11459741741418839 76
1752742648017 0.1145046055316925 77
1752742648023 0.1144118383526802 78
1752742648030 0.11436548084020615 79
1752742648038 0.11431914567947388 80
1752742648046 0.1142728179693222 81
1752742648054 0.11422649025917053 82
1752742648061 0.11418019235134125 83
1752742648068 0.11413391679525375 84
1752742648075 0.1141107901930809 85
1752742648083 0.11408766359090805 86
1752742648091 0.1140645444393158 87
1752742648097 0.11404143273830414 88
1752742648105 0.11401833593845367 89
1752742648123 0.11399522423744202 90
1752742648131 0.11398367583751678 91
1752742648138 0.11397211998701096 92
1752742648146 0.11396058648824692 93
1752742648154 0.11394902318716049 94
1752742648164 0.11393747478723526 95
1752742648172 0.11392592638731003 96
1752742648182 0.11392001062631607 97
1752742648209 0.1139141097664833 98
1752742648241 0.11390819400548935 99
1752742648248 0.11390228569507599 100
1752742648256 0.11389636993408203 101
1752742648322 0.11389046907424927 102
1752742648334 0.11388454586267471 103
1752742648340 0.11387863010168076 104
1752742648347 0.1138727217912674 105
1752742648355 0.11386682838201523 106
1752742648362 0.11386091262102127 107
1752742648370 0.11385498940944672 108
1752742648378 0.11384908109903336 109
1752742648386 0.1138431653380394 110
1752742648393 0.11383724957704544 111
1752742648401 0.11383132636547089 112
1752742648410 0.11382541805505753 113
1752742648418 0.11381949484348297 114
1752742648426 0.11381357163190842 115
1752742648433 0.11380765587091446 116
1752742648441 0.1138017475605011 117
1752742648449 0.11379583179950714 118
1752742648456 0.11378990113735199 119
1752742648464 0.11378398537635803 120
1752742648471 0.11377804726362228 121
1752742648479 0.11377211660146713 122
1752742648486 0.11376620084047318 123
1752742648494 0.11376027017831802 124
1752742648501 0.11375433951616287 125
1752742648510 0.11374840140342712 126
1752742648517 0.11374247819185257 127
1752742648525 0.11373653262853622 128
1752742648532 0.11373060196638107 129
1752742648540 0.11372466385364532 130
1752742648547 0.11371873319149017 131
1752742648555 0.11371278762817383 132
1752742648563 0.11370685696601868 133
1752742648571 0.11370091140270233 134
1752742648579 0.11369496583938599 135
1752742648587 0.11368902027606964 136
1752742648595 0.1136830747127533 137
1752742648603 0.11367712914943695 138
1752742648611 0.11367117613554001 139
1752742648619 0.11366523802280426 140
1752742648626 0.11365928500890732 141
1752742648635 0.11365333199501038 142
1752742648642 0.11364737898111343 143
1752742648651 0.1136414185166359 144
1752742648658 0.11363546550273895 145
1752742648666 0.11362951248884201 146
1752742648672 0.11362353712320328 147
1752742648680 0.11361757665872574 148
1752742648687 0.1136116236448288 149
1752742648694 0.11360564827919006 150
1752742648702 0.11359967291355133 151
1752742648709 0.1135937049984932 152
1752742648716 0.11358773708343506 153
1752742648723 0.11358177661895752 154
1752742648731 0.11357580870389938 155
1752742648739 0.11356983333826065 156
1752742648746 0.11356384307146072 157
1752742648754 0.11355786770582199 158
1752742648761 0.11355188488960266 159
1752742648767 0.11354590207338333 160
1752742648773 0.1135399267077446 161
1752742648781 0.11353392899036407 162
1752742648788 0.11352794617414474 163
1752742648795 0.11352195590734482 164
1752742648801 0.11351598054170609 165
1752742648808 0.11350998282432556 166
1752742648815 0.11350398510694504 167
1752742648822 0.11349798738956451 168
1752742648830 0.11349198967218399 169
1752742648839 0.11348599195480347 170
1752742648847 0.11347999423742294 171
1752742648855 0.11347399652004242 172
1752742648865 0.1134679764509201 173
1752742648873 0.11346197873353958 174
1752742648881 0.11345598101615906 175
1752742648889 0.11344996839761734 176
1752742648897 0.11344395577907562 177
1752742648911 0.1134379506111145 178
1752742648921 0.11343193799257278 179
1752742648929 0.11342592537403107 180
1752742648937 0.11341991275548935 181
1752742648945 0.11341389268636703 182
1752742648953 0.11340786516666412 183
1752742648960 0.113401859998703 184
1752742648968 0.1133958175778389 185
1752742648975 0.11338979750871658 186
1752742648983 0.11338376998901367 187
1752742648991 0.11337774246931076 188
1752742648998 0.11337172240018845 189
1752742649006 0.11336567997932434 190
1752742649013 0.11335964500904083 191
1752742649021 0.11335361003875732 192
1752742649029 0.11334757506847382 193
1752742649036 0.11334152519702911 194
1752742649043 0.1133354902267456 195
1752742649051 0.1133294552564621 196
1752742649058 0.1133234053850174 197
1752742649065 0.11331736296415329 198
1752742649071 0.11331132054328918 199
