1753266517349 2.145448923110962 0
1753266517357 2.1166954040527344 1
1753266517364 2.0884029865264893 2
1753266517371 2.060404062271118 3
1753266517378 2.0324718952178955 4
1753266517385 2.0043890476226807 5
1753266517392 1.975968837738037 6
1753266517399 1.9470421075820923 7
1753266517406 1.917451024055481 8
1753266517412 1.8870444297790527 9
1753266517419 1.8556723594665527 10
1753266517426 1.823187232017517 11
1753266517433 1.789443016052246 12
1753266517441 1.7542977333068848 13
1753266517449 1.7176132202148438 14
1753266517456 1.6792582273483276 15
1753266517463 1.6391099691390991 16
1753266517470 1.5970563888549805 17
1753266517477 1.5530015230178833 18
1753266517483 1.506867527961731 19
1753266517490 1.4586001634597778 20
1753266517498 1.40817391872406 21
1753266517505 1.355596899986267 22
1753266517512 1.300917387008667 23
1753266517519 1.2442294359207153 24
1753266517526 1.1856788396835327 25
1753266517533 1.1254689693450928 26
1753266517540 1.0638643503189087 27
1753266517547 1.0011943578720093 28
1753266517554 0.9378519654273987 29
1753266517561 0.8742911219596863 30
1753266517572 0.8110187649726868 31
1753266517579 0.7485824227333069 32
1753266517588 0.6875536441802979 33
1753266517597 0.6285076141357422 34
1753266517606 0.5719987750053406 35
1753266517613 0.5185352563858032 36
1753266517621 0.4685540497303009 37
1753266517630 0.4223967492580414 38
1753266517639 0.38029107451438904 39
1753266517648 0.34233739972114563 40
1753266517656 0.30850374698638916 41
1753266517665 0.2786274254322052 42
1753266517672 0.25242727994918823 43
1753266517679 0.22952347993850708 44
1753266517687 0.20946632325649261 45
1753266517694 0.19177144765853882 46
1753266517702 0.17595858871936798 47
1753266517709 0.16158653795719147 48
1753266517716 0.1482795625925064 49
1753266517723 0.13574175536632538 50
1753266517730 0.12376028299331665 51
1753266517738 0.11220011115074158 52
1753266517745 0.10099353641271591 53
1753266517753 0.09012749046087265 54
1753266517760 0.0796298161149025 55
1753266517767 0.06955697387456894 56
1753266517774 0.059982310980558395 57
1753266517782 0.05098644271492958 58
1753266517789 0.04264862462878227 59
1753266517796 0.03503965958952904 60
1753266517804 0.028216125443577766 61
1753266517811 0.022216124460101128 62
1753266517819 0.01705649308860302 63
1753266517826 0.012731443159282207 64
1753266517834 0.009212867356836796 65
1753266517841 0.006451956927776337 66
1753266517848 0.004381896462291479 67
1753266517855 0.002921696985140443 68
1753266517862 0.0019805296324193478 69
1753266517869 0.0014624991454184055 70
1753266517877 0.0012714983895421028 71
1753266517885 0.0013156720669940114 72
1753266517893 0.00151138158980757 73
1753266517900 0.0017863563261926174 74
1753266517908 0.002081765327602625 75
1753266517915 0.0023532293271273375 76
1753266517923 0.002570713870227337 77
1753266517930 0.002717425348237157 78
1753266517937 0.0027879306580871344 79
1753266517944 0.0027857404202222824 80
1753266517953 0.0027207883540540934 81
1753266517960 0.0026068089064210653 82
1753266517968 0.0024590350221842527 83
1753266517975 0.0022923408541828394 84
1753266517983 0.0021197728347033262 85
1753266517991 0.0020307470113039017 86
1753266517999 0.00193688552826643 87
1753266518007 0.0018405411392450333 88
1753266518014 0.00174362538382411 89
1753266518022 0.001647588680498302 90
1753266518032 0.0015535149723291397 91
1753266518040 0.0015067275380715728 92
1753266518047 0.0014593014493584633 93
1753266518055 0.0014114673249423504 94
1753266518062 0.0013634446077048779 95
1753266518069 0.001315418048761785 96
1753266518077 0.001267550396732986 97
1753266518084 0.001243557664565742 98
1753266518091 0.0012193495640531182 99
1753266518099 0.0011949819745495915 100
1753266518107 0.001170513336546719 101
1753266518115 0.0011459904490038753 102
1753266518122 0.0011214650003239512 103
1753266518130 0.0011091799242421985 104
1753266518137 0.0010968358255922794 105
1753266518145 0.0010844586649909616 106
1753266518152 0.0010720511199906468 107
1753266518160 0.0010596256470307708 108
1753266518167 0.00104719924274832 109
1753266518175 0.001040974515490234 110
1753266518183 0.0010347432689741254 111
1753266518191 0.0010284975869581103 112
1753266518199 0.001022237236611545 113
1753266518207 0.0010159778175875545 114
1753266518214 0.001009708852507174 115
1753266518222 0.0010065677342936397 116
1753266518229 0.0010034231236204505 117
1753266518237 0.0010002736235037446 118
1753266518245 0.0009971162071451545 119
1753266518252 0.000993951573036611 120
1753266518261 0.000990785309113562 121
1753266518269 0.0009891977533698082 122
1753266518276 0.0009876120602712035 123
1753266518284 0.0009860192658379674 124
1753266518292 0.0009844250744208694 125
1753266518299 0.0009828234324231744 126
1753266518307 0.0009812231874093413 127
1753266518315 0.0009804189903661609 128
1753266518322 0.0009796146769076586 129
1753266518330 0.000978803145699203 130
1753266518338 0.0009779907995834947 131
1753266518347 0.0009771763579919934 132
1753266518355 0.0009763602283783257 133
1753266518362 0.0009759548120200634 134
1753266518370 0.0009755471255630255 135
1753266518378 0.0009751426405273378 136
1753266518385 0.0009747317526489496 137
1753266518393 0.0009743175469338894 138
1753266518401 0.0009739089873619378 139
1753266518408 0.0009736989159137011 140
1753266518417 0.0009734855848364532 141
1753266518425 0.0009732720791362226 142
1753266518433 0.0009730620658956468 143
1753266518441 0.0009728490258567035 144
1753266518448 0.0009726288844831288 145
1753266518456 0.000972416193690151 146
1753266518464 0.0009721997776068747 147
1753266518472 0.0009719833615235984 148
1753266518480 0.0009717664797790349 149
1753266518488 0.0009715447085909545 150
1753266518496 0.0009713286999613047 151
1753266518505 0.0009711067541502416 152
1753266518512 0.0009708885918371379 153
1753266518521 0.0009706661221571267 154
1753266518528 0.0009704488911665976 155
1753266518536 0.0009702264214865863 156
1753266518544 0.0009700037189759314 157
1753266518552 0.000969777989666909 158
1753266518560 0.0009695592452771962 159
1753266518568 0.0009693335741758347 160
1753266518575 0.0009691074374131858 161
1753266518583 0.0009688784484751523 162
1753266518591 0.0009686563280411065 163
1753266518600 0.0009684315300546587 164
1753266518608 0.0009682052186690271 165
1753266518616 0.0009679754730314016 166
1753266518623 0.0009677460766397417 167
1753266518631 0.000967515108641237 168
1753266518639 0.0009672886226326227 169
1753266518647 0.0009670575964264572 170
1753266518656 0.0009668282582424581 171
1753266518665 0.0009665964753367007 172
1753266518675 0.0009663641103543341 173
1753266518685 0.0009661330841481686 174
1753266518694 0.0009658975177444518 175
1753266518703 0.000965665967669338 176
1753266518711 0.0009654273744672537 177
1753266518719 0.0009651954751461744 178
1753266518727 0.0009649576968513429 179
1753266518736 0.0009647218394093215 180
1753266518744 0.0009644879610277712 181
1753266518753 0.0009642458171583712 182
1753266518760 0.0009640067000873387 183
1753266518769 0.0009637685143388808 184
1753266518777 0.000963533588219434 185
1753266518787 0.0009632910951040685 186
1753266518795 0.0009630508138798177 187
1753266518804 0.0009628062252886593 188
1753266518813 0.0009625679231248796 189
1753266518822 0.0009623262449167669 190
1753266518834 0.0009620850323699415 191
1753266518842 0.0009618435869924724 192
1753266518850 0.0009615972521714866 193
1753266518859 0.0009613530128262937 194
1753266518868 0.0009611090645194054 195
1753266518876 0.0009608606342226267 196
1753266518885 0.0009606147068552673 197
1753266518893 0.0009603694197721779 198
1753266518901 0.0009601208730600774 199
1753266517349 2.145448923110962 0
