1752746546384 0.6304343938827515 0
1752746546391 0.6184895634651184 1
1752746546400 0.6066725254058838 2
1752746546406 0.5949637293815613 3
1752746546412 0.583340048789978 4
1752746546418 0.5717763900756836 5
1752746546423 0.5602474212646484 6
1752746546427 0.5487275123596191 7
1752746546432 0.5371924638748169 8
1752746546437 0.5256208777427673 9
1752746546442 0.5139936208724976 10
1752746546448 0.5022938847541809 11
1752746546454 0.4905066192150116 12
1752746546459 0.4786180257797241 13
1752746546464 0.46661576628685 14
1752746546470 0.4544881582260132 15
1752746546475 0.44222491979599 16
1752746546480 0.42981693148612976 17
1752746546485 0.41725677251815796 18
1752746546490 0.40453872084617615 19
1752746546496 0.3916594982147217 20
1752746546501 0.3786183297634125 21
1752746546507 0.3654175102710724 22
1752746546514 0.35206282138824463 23
1752746546519 0.3385637700557709 24
1752746546525 0.3249344229698181 25
1752746546532 0.31119298934936523 26
1752746546538 0.2973625957965851 27
1752746546550 0.28347113728523254 28
1752746546557 0.2695516347885132 29
1752746546563 0.2556423842906952 30
1752746546570 0.24178695678710938 31
1752746546576 0.22803425788879395 32
1752746546584 0.21443793177604675 33
1752746546593 0.20105566084384918 34
1752746546607 0.18794777989387512 35
1752746546613 0.1751757562160492 36
1752746546621 0.16280010342597961 37
1752746546627 0.1508784145116806 38
1752746546633 0.1394631564617157 39
1752746546639 0.12859979271888733 40
1752746546645 0.11832524091005325 41
1752746546652 0.1086672693490982 42
1752746546658 0.09964501857757568 43
1752746546665 0.09127065539360046 44
1752746546671 0.08355220407247543 45
1752746546677 0.07649682462215424 46
1752746546682 0.07011405378580093 47
1752746546688 0.06441757082939148 48
1752746546694 0.05942345783114433 49
1752746546701 0.05514310300350189 50
1752746546707 0.05156932398676872 51
1752746546714 0.04865749552845955 52
1752746546720 0.04630951210856438 53
1752746546726 0.044373948127031326 54
1752746546733 0.04267245903611183 55
1752746546739 0.04104717820882797 56
1752746546745 0.03940661624073982 57
1752746546751 0.03774428740143776 58
1752746546757 0.03612061217427254 59
1752746546763 0.03461925685405731 60
1752746546770 0.033301081508398056 61
1752746546777 0.03217895328998566 62
1752746546784 0.031223466619849205 63
1752746546791 0.030388491228222847 64
1752746546798 0.02963974140584469 65
1752746546805 0.02897091954946518 66
1752746546812 0.0284019373357296 67
1752746546819 0.027963945642113686 68
1752746546827 0.02767987549304962 69
1752746546835 0.02754863165318966 70
1752746546844 0.027539201080799103 71
1752746546852 0.027597790583968163 72
1752746546861 0.027665378525853157 73
1752746546869 0.027696821838617325 74
1752746546877 0.027671435847878456 75
1752746546885 0.02762758731842041 76
1752746546894 0.027554988861083984 77
1752746546903 0.027461301535367966 78
1752746546912 0.027353757992386818 79
1752746546922 0.027238009497523308 80
1752746546932 0.02711770497262478 81
1752746546942 0.027054691687226295 82
1752746546950 0.02698781155049801 83
1752746546959 0.02691762149333954 84
1752746546967 0.02684466913342476 85
1752746546975 0.02676953747868538 86
1752746546983 0.026692859828472137 87
1752746546991 0.026653755456209183 88
1752746546998 0.02661382593214512 89
1752746547006 0.026573311537504196 90
1752746547015 0.02653246931731701 91
1752746547024 0.026491520926356316 92
1752746547032 0.026450691744685173 93
1752746547039 0.026430325582623482 94
1752746547047 0.026409950107336044 95
1752746547055 0.02638961747288704 96
1752746547063 0.0263693705201149 97
1752746547071 0.026349244639277458 98
1752746547079 0.026329273357987404 99
1752746547087 0.02630947157740593 100
1752746547096 0.02628987841308117 101
1752746547104 0.02627050131559372 102
1752746547111 0.026251353323459625 103
1752746547118 0.026232443749904633 104
1752746547124 0.026213789358735085 105
1752746547131 0.026195382699370384 106
1752746547138 0.026177234947681427 107
1752746547144 0.026159336790442467 108
1752746547151 0.02614169381558895 109
1752746547158 0.02612430229783058 110
1752746547168 0.026107152923941612 111
1752746547176 0.026090245693922043 112
1752746547203 0.026073573157191277 113
1752746547219 0.026057135313749313 114
1752746547226 0.026040909811854362 115
1752746547233 0.026024913415312767 116
1752746547240 0.026009125635027885 117
1752746547246 0.025993546470999718 118
1752746547253 0.025978168472647667 119
1752746547259 0.025962982326745987 120
1752746547267 0.025947995483875275 121
1752746547274 0.025933191180229187 122
1752746547281 0.025918573141098022 123
1752746547288 0.025904130190610886 124
1752746547299 0.025889862328767776 125
1752746547318 0.025875767692923546 126
1752746547328 0.025861842557787895 127
1752746547336 0.025848081335425377 128
1752746547342 0.02583448588848114 129
1752746547349 0.02582104131579399 130
1752746547357 0.025807756930589676 131
1752746547364 0.025794630870223045 132
1752746547371 0.025781651958823204 133
1752746547379 0.025768820196390152 134
1752746547387 0.02575613744556904 135
1752746547394 0.02574359066784382 136
1752746547401 0.02573118731379509 137
1752746547409 0.025718919932842255 138
1752746547417 0.025706788524985313 139
1752746547424 0.025694789364933968 140
1752746547432 0.02568291872739792 141
1752746547441 0.025671174749732018 142
1752746547449 0.02566535212099552 143
1752746547455 0.025659572333097458 144
1752746547463 0.02565382793545723 145
1752746547470 0.025648117065429688 146
1752746547478 0.025642437860369682 147
1752746547485 0.025636794045567513 148
1752746547491 0.025633981451392174 149
1752746547499 0.02563117817044258 150
1752746547508 0.025628386065363884 151
1752746547515 0.025625605136156082 152
1752746547524 0.02562282420694828 153
1752746547534 0.025620052590966225 154
1752746547542 0.025618672370910645 155
1752746547552 0.025617286562919617 156
1752746547561 0.025615910068154335 157
1752746547572 0.025614529848098755 158
1752746547579 0.025613151490688324 159
1752746547586 0.025611771270632744 160
1752746547597 0.02561108022928238 161
1752746547605 0.025610394775867462 162
1752746547613 0.025609705597162247 163
1752746547621 0.025609010830521584 164
1752746547629 0.02560831978917122 165
1752746547637 0.025607630610466003 166
1752746547645 0.025607284158468246 167
1752746547651 0.025606941431760788 168
1752746547658 0.025606593117117882 169
1752746547667 0.025606242939829826 170
1752746547676 0.02560589648783207 171
1752746547685 0.025605548173189163 172
1752746547693 0.025605371221899986 173
1752746547701 0.02560518868267536 174
1752746547709 0.025605011731386185 175
1752746547716 0.02560483105480671 176
1752746547723 0.025604650378227234 177
1752746547730 0.02560446970164776 178
1752746547738 0.025604290887713432 179
1752746547747 0.025604110211133957 180
1752746547754 0.025603927671909332 181
1752746547761 0.025603746995329857 182
1752746547770 0.02560356631875038 183
1752746547777 0.025603383779525757 184
1752746547784 0.025603201240301132 185
1752746547792 0.02560301683843136 186
1752746547800 0.025602834299206734 187
1752746547806 0.02560264989733696 188
1752746547813 0.025602467358112335 189
1752746547821 0.02560228295624256 190
1752746547828 0.025602096691727638 191
1752746547836 0.025601912289857864 192
1752746547844 0.02560172788798809 193
1752746547852 0.025601539760828018 194
1752746547860 0.025601355358958244 195
1752746547867 0.02560116909444332 196
1752746547875 0.02560098096728325 197
1752746547881 0.025600798428058624 198
1752746547888 0.025600608438253403 199
