1752656924753 1.1755056381225586 0
1752656924763 1.1889485120773315 1
1752656924772 1.1017178297042847 2
1752656924781 1.0246819257736206 3
1752656924791 1.0339858531951904 4
1752656924800 1.0015653371810913 5
1752656924810 0.9615840315818787 6
1752656924819 0.8358520269393921 7
1752656924830 0.7867062091827393 8
1752656924839 0.7639126777648926 9
1752656924852 0.8339229226112366 10
1752656924868 0.7152981758117676 11
1752656924879 0.6241372227668762 12
1752656924889 0.6041719913482666 13
1752656924898 0.5626252889633179 14
1752656924908 0.4905001223087311 15
1752656924917 0.44610726833343506 16
1752656924927 0.40769705176353455 17
1752656924936 0.4048043191432953 18
1752656924946 0.3023257255554199 19
1752656924956 0.2841697037220001 20
1752656924966 0.3339720368385315 21
1752656924977 0.2896537184715271 22
1752656924988 0.277239054441452 23
1752656924998 0.2762647867202759 24
1752656925010 0.261565625667572 25
1752656925021 0.27529025077819824 26
1752656925033 0.22170902788639069 27
1752656925045 0.2015196979045868 28
1752656925056 0.1765734851360321 29
1752656925069 0.1756637990474701 30
1752656925087 0.16853497922420502 31
1752656925100 0.20632106065750122 32
1752656925113 0.18583537638187408 33
1752656925126 0.15036901831626892 34
1752656925139 0.13652436435222626 35
1752656925153 0.11882003396749496 36
1752656925170 0.08345641195774078 37
1752656925185 0.10050901025533676 38
1752656925201 0.10572759062051773 39
1752656925217 0.10764985531568527 40
1752656925234 0.13105235993862152 41
1752656925252 0.10687387734651566 42
1752656925268 0.09819849580526352 43
1752656925285 0.1309644728899002 44
1752656925306 0.08712770789861679 45
1752656925322 0.09525353461503983 46
1752656925335 0.09430713206529617 47
1752656925349 0.10179773718118668 48
1752656925362 0.08640970289707184 49
1752656925376 0.08912650495767593 50
1752656925391 0.10878337919712067 51
1752656925404 0.0691358894109726 52
1752656925420 0.0816732794046402 53
1752656925433 0.08915670216083527 54
1752656925445 0.05912588909268379 55
1752656925458 0.07660838216543198 56
1752656925471 0.07240031659603119 57
1752656925486 0.08452923595905304 58
1752656925499 0.07368425279855728 59
1752656925515 0.06489452719688416 60
1752656925528 0.05187905579805374 61
1752656925542 0.07142852991819382 62
1752656925554 0.06477034837007523 63
1752656925565 0.05131753161549568 64
1752656925578 0.05907980725169182 65
1752656925589 0.07038659602403641 66
1752656925599 0.06779366731643677 67
1752656925610 0.08096473664045334 68
1752656925623 0.0676613450050354 69
1752656925636 0.06849519163370132 70
1752656925649 0.07545530050992966 71
1752656925660 0.06076689437031746 72
1752656925676 0.05610412731766701 73
1752656925688 0.05553576350212097 74
1752656925702 0.05579124391078949 75
1752656925715 0.06900911033153534 76
1752656925726 0.05487195774912834 77
1752656925738 0.06394282728433609 78
1752656925751 0.05189082399010658 79
1752656925765 0.05088445544242859 80
1752656925777 0.04887349531054497 81
1752656925790 0.045585181564092636 82
1752656925805 0.08857081830501556 83
1752656925820 0.06464400887489319 84
1752656925835 0.04804464057087898 85
1752656925849 0.058344628661870956 86
1752656925875 0.053702354431152344 87
1752656925893 0.05945713073015213 88
1752656925907 0.08049356937408447 89
1752656925924 0.049294471740722656 90
1752656925938 0.0750148743391037 91
1752656925951 0.05180150270462036 92
1752656925967 0.049721818417310715 93
1752656925980 0.055032309144735336 94
1752656925991 0.05381976068019867 95
1752656926004 0.04942009225487709 96
1752656926017 0.06322655081748962 97
1752656926029 0.03660540282726288 98
1752656926042 0.04268702492117882 99
1752656926055 0.05241462588310242 100
1752656926067 0.04761180281639099 101
1752656926080 0.033799830824136734 102
1752656926092 0.05266788601875305 103
1752656926104 0.05244184285402298 104
1752656926136 0.05948733165860176 105
1752656926149 0.04257209599018097 106
1752656926160 0.04677426442503929 107
1752656926171 0.056935444474220276 108
1752656926183 0.040454182773828506 109
1752656926196 0.04861265420913696 110
1752656926208 0.04422096163034439 111
1752656926220 0.04193844646215439 112
1752656926232 0.06249503418803215 113
1752656926243 0.058781471103429794 114
1752656926256 0.046063534915447235 115
1752656926269 0.05711314454674721 116
1752656926279 0.051204584538936615 117
1752656926292 0.04095574840903282 118
1752656926302 0.039158377796411514 119
1752656926316 0.04696715250611305 120
1752656926328 0.038472115993499756 121
1752656926341 0.0475894920527935 122
1752656926351 0.039490021765232086 123
1752656926364 0.049398280680179596 124
1752656926375 0.04934954643249512 125
1752656926388 0.04197891801595688 126
1752656926398 0.05283782258629799 127
1752656926410 0.039858706295490265 128
1752656926422 0.03988915681838989 129
1752656926434 0.05682063102722168 130
1752656926446 0.046074431389570236 131
1752656926457 0.047075994312763214 132
1752656926469 0.05567685142159462 133
1752656926481 0.042499952018260956 134
1752656926492 0.07152760773897171 135
1752656926503 0.04474860802292824 136
1752656926515 0.04532463476061821 137
1752656926527 0.05549493059515953 138
1752656926539 0.04500335454940796 139
1752656926551 0.05520519241690636 140
1752656926563 0.04010820388793945 141
1752656926575 0.051768429577350616 142
1752656926588 0.04239092767238617 143
1752656926600 0.05068373307585716 144
1752656926612 0.04830329492688179 145
1752656926623 0.044220324605703354 146
1752656926633 0.040642593055963516 147
1752656926645 0.038617588579654694 148
1752656926656 0.04038969799876213 149
1752656926668 0.056720610707998276 150
1752656926682 0.038416262716054916 151
1752656926692 0.040463149547576904 152
1752656926703 0.038277991116046906 153
1752656926718 0.0464010015130043 154
1752656926729 0.03638841584324837 155
1752656926742 0.047639939934015274 156
1752656926754 0.03474569320678711 157
1752656926765 0.04145679622888565 158
1752656926777 0.05534927546977997 159
1752656926789 0.05264606326818466 160
1752656926800 0.054798610508441925 161
1752656926813 0.04331120476126671 162
1752656926824 0.04307740554213524 163
1752656926836 0.037932343780994415 164
1752656926847 0.050288524478673935 165
1752656926859 0.04390404000878334 166
1752656926870 0.048155974596738815 167
1752656926881 0.050988636910915375 168
1752656926892 0.059229690581560135 169
1752656926904 0.04794010519981384 170
1752656926916 0.03909033536911011 171
1752656926928 0.05909192934632301 172
1752656926939 0.049177706241607666 173
1752656926951 0.04437338560819626 174
1752656926961 0.05116955563426018 175
1752656926972 0.05042226240038872 176
1752656926984 0.03951411321759224 177
1752656926995 0.04883841797709465 178
1752656927007 0.03959842398762703 179
1752656927018 0.03975805267691612 180
1752656927029 0.03635278716683388 181
1752656927042 0.03633155673742294 182
1752656927053 0.04616463929414749 183
1752656927065 0.04133293777704239 184
1752656927077 0.04168028011918068 185
1752656927089 0.03941354155540466 186
1752656927101 0.041874829679727554 187
1752656927113 0.040885478258132935 188
1752656927126 0.04498734325170517 189
1752656927139 0.04026985913515091 190
1752656927150 0.0372655875980854 191
1752656927162 0.03843707591295242 192
1752656927173 0.04964771494269371 193
1752656927184 0.04233245179057121 194
1752656927195 0.03728080168366432 195
1752656927207 0.04533805698156357 196
1752656927219 0.05169151350855827 197
1752656927231 0.05302094668149948 198
1752656927243 0.03884948045015335 199
