1753002498414 0.7317966818809509 0
1753002498421 0.7186464071273804 1
1753002498427 0.7055549025535583 2
1753002498432 0.6924858689308167 3
1753002498438 0.6794024109840393 4
1753002498444 0.6662652492523193 5
1753002498449 0.65303635597229 6
1753002498455 0.6396788954734802 7
1753002498461 0.6261573433876038 8
1753002498466 0.6124368906021118 9
1753002498473 0.5984824299812317 10
1753002498479 0.5842593908309937 11
1753002498485 0.5697342157363892 12
1753002498492 0.5548756718635559 13
1753002498498 0.5396572351455688 14
1753002498503 0.5240580439567566 15
1753002498509 0.5080651044845581 16
1753002498515 0.4916743040084839 17
1753002498520 0.4748918414115906 18
1753002498526 0.457735538482666 19
1753002498532 0.4402359127998352 20
1753002498539 0.42243704199790955 21
1753002498545 0.4043971598148346 22
1753002498551 0.38618841767311096 23
1753002498556 0.3678961396217346 24
1753002498562 0.3496165871620178 25
1753002498567 0.3314543068408966 26
1753002498573 0.31351804733276367 27
1753002498579 0.2959168255329132 28
1753002498585 0.2787550687789917 29
1753002498590 0.26212841272354126 30
1753002498597 0.24611955881118774 31
1753002498603 0.23079505562782288 32
1753002498609 0.21620303392410278 33
1753002498615 0.20237183570861816 34
1753002498621 0.18930986523628235 35
1753002498626 0.17700637876987457 36
1753002498632 0.1654340922832489 37
1753002498639 0.1545536369085312 38
1753002498647 0.1443200409412384 39
1753002498655 0.13469088077545166 40
1753002498663 0.12563566863536835 41
1753002498671 0.11714568734169006 42
1753002498681 0.10924216359853745 43
1753002498689 0.10198017954826355 44
1753002498697 0.09544146806001663 45
1753002498706 0.08970615267753601 46
1753002498715 0.08479302376508713 47
1753002498723 0.0805799812078476 48
1753002498731 0.07676773518323898 49
1753002498739 0.0729609802365303 50
1753002498749 0.06884229183197021 51
1753002498759 0.06431852281093597 52
1753002498768 0.059549666941165924 53
1753002498777 0.05486668646335602 54
1753002498786 0.050635550171136856 55
1753002498795 0.04712473601102829 56
1753002498804 0.04441774636507034 57
1753002498812 0.04239923134446144 58
1753002498820 0.04081866890192032 59
1753002498830 0.03940173611044884 60
1753002498841 0.03795594349503517 61
1753002498849 0.03642573207616806 62
1753002498857 0.03488738089799881 63
1753002498865 0.033498816192150116 64
1753002498872 0.03242509812116623 65
1753002498880 0.031762558966875076 66
1753002498887 0.0314895436167717 67
1753002498894 0.03147047385573387 68
1753002498901 0.03151920810341835 69
1753002498908 0.0314878411591053 70
1753002498918 0.03132515400648117 71
1753002498926 0.031074343249201775 72
1753002498934 0.030932489782571793 73
1753002498941 0.030786827206611633 74
1753002498950 0.03065699152648449 75
1753002498958 0.030553191900253296 76
1753002498965 0.030475422739982605 77
1753002498973 0.03041531704366207 78
1753002498980 0.0303848497569561 79
1753002498987 0.030347434803843498 80
1753002498996 0.030301300808787346 81
1753002499004 0.030245650559663773 82
1753002499011 0.03018064796924591 83
1753002499018 0.030107315629720688 84
1753002499024 0.030067065730690956 85
1753002499031 0.030023757368326187 86
1753002499037 0.02997812256217003 87
1753002499043 0.029930882155895233 88
1753002499050 0.02988271228969097 89
1753002499056 0.029834233224391937 90
1753002499063 0.029809914529323578 91
1753002499070 0.02978547103703022 92
1753002499077 0.02976103313267231 93
1753002499084 0.02973668836057186 94
1753002499091 0.029712509363889694 95
1753002499098 0.029688576236367226 96
1753002499104 0.029676688835024834 97
1753002499110 0.02966485358774662 98
1753002499117 0.02965306118130684 99
1753002499123 0.02964133396744728 100
1753002499130 0.02962966449558735 101
1753002499137 0.02961806394159794 102
1753002499144 0.029612286016345024 103
1753002499151 0.029606522992253304 104
1753002499158 0.029600759968161583 105
1753002499165 0.02959502302110195 106
1753002499172 0.02958928793668747 107
1753002499178 0.029583565890789032 108
1753002499184 0.029580706730484962 109
1753002499191 0.029577845707535744 110
1753002499198 0.029574988409876823 111
1753002499205 0.029572127386927605 112
1753002499214 0.029569270089268684 113
1753002499220 0.029566409066319466 114
1753002499227 0.029564976692199707 115
1753002499233 0.029563546180725098 116
1753002499240 0.02956211008131504 117
1753002499246 0.029560677707195282 118
1753002499254 0.029559241607785225 119
1753002499262 0.02955779992043972 120
1753002499269 0.02955707721412182 121
1753002499276 0.029556356370449066 122
1753002499284 0.029555628076195717 123
1753002499291 0.029554901644587517 124
1753002499297 0.029554173350334167 125
1753002499305 0.029553450644016266 126
1753002499312 0.02955307438969612 127
1753002499318 0.029552699998021126 128
1753002499324 0.029552321881055832 129
1753002499331 0.029551949352025986 130
1753002499339 0.029551569372415543 131
1753002499347 0.029551193118095398 132
1753002499354 0.029550815001130104 133
1753002499360 0.02955043502151966 134
1753002499367 0.029550055041909218 135
1753002499374 0.029549669474363327 136
1753002499381 0.029549285769462585 137
1753002499388 0.02954890951514244 138
1753002499394 0.029548518359661102 139
1753002499402 0.02954813465476036 140
1753002499417 0.02954774722456932 141
1753002499433 0.02954735793173313 142
1753002499440 0.02954697422683239 143
1753002499448 0.0295465849339962 144
1753002499454 0.029546191915869713 145
1753002499461 0.029545804485678673 146
1753002499467 0.029545409604907036 147
1753002499474 0.029545016586780548 148
1753002499480 0.02954462356865406 149
1753002499487 0.029544226825237274 150
1753002499496 0.029543833807110786 151
1753002499504 0.029543437063694 152
1753002499511 0.029543036594986916 153
1753002499518 0.02954264171421528 154
1753002499525 0.029542241245508194 155
1753002499532 0.02954184263944626 156
1753002499540 0.029541444033384323 157
1753002499547 0.02954104170203209 158
1753002499553 0.029540639370679855 159
1753002499561 0.02954023703932762 160
1753002499569 0.029539823532104492 161
1753002499576 0.029539428651332855 162
1753002499583 0.029539022594690323 163
1753002499591 0.029538612812757492 164
1753002499597 0.02953820675611496 165
1753002499603 0.029537798836827278 166
1753002499611 0.029537387192249298 167
1753002499618 0.029536979272961617 168
1753002499625 0.029536571353673935 169
1753002499631 0.029536157846450806 170
1753002499638 0.029535746201872826 171
1753002499646 0.029535332694649696 172
1753002499654 0.02953491546213627 173
1753002499660 0.02953450195491314 174
1753002499667 0.02953408472239971 175
1753002499675 0.029533669352531433 176
1753002499681 0.029533253982663155 177
1753002499688 0.029532834887504578 178
1753002499694 0.029532415792346 179
1753002499701 0.029531998559832573 180
1753002499709 0.02953157387673855 181
1753002499717 0.029531152918934822 182
1753002499724 0.029530733823776245 183
1753002499730 0.02953031100332737 184
1753002499736 0.029529886320233345 185
1753002499744 0.02952946349978447 186
1753002499751 0.029529042541980743 187
1753002499757 0.02952861227095127 188
1753002499764 0.029528189450502396 189
1753002499770 0.029527759179472923 190
1753002499778 0.029527336359024048 191
1753002499787 0.029526900500059128 192
1753002499793 0.029526477679610252 193
1753002499800 0.02952604740858078 194
1753002499806 0.02952561341226101 195
1753002499813 0.029525186866521835 196
1753002499820 0.029524754732847214 197
1753002499827 0.029524320736527443 198
1753002499833 0.029523883014917374 199
