1752657800025 1.0853006839752197 0
1752657800043 1.1139360666275024 1
1752657800059 1.0958335399627686 2
1752657800077 1.0971022844314575 3
1752657800093 1.0819064378738403 4
1752657800109 1.0415252447128296 5
1752657800124 1.0608398914337158 6
1752657800140 1.0551912784576416 7
1752657800156 1.0015921592712402 8
1752657800171 1.039563536643982 9
1752657800187 0.9669381976127625 10
1752657800204 0.9629033207893372 11
1752657800220 1.0388215780258179 12
1752657800237 0.9638350009918213 13
1752657800255 0.9516960382461548 14
1752657800272 0.9601460099220276 15
1752657800290 0.9754507541656494 16
1752657800310 0.93758624792099 17
1752657800329 0.8830187916755676 18
1752657800347 0.9147485494613647 19
1752657800366 0.8667738437652588 20
1752657800385 0.9138023257255554 21
1752657800403 0.9024251103401184 22
1752657800422 0.8740426898002625 23
1752657800440 0.8584718108177185 24
1752657800458 0.9091243147850037 25
1752657800476 0.8774092197418213 26
1752657800495 0.9083799719810486 27
1752657800515 0.8801193237304688 28
1752657800535 0.8525980710983276 29
1752657800560 0.8477064967155457 30
1752657800587 0.9073376059532166 31
1752657800611 0.8196336030960083 32
1752657800636 0.8141100406646729 33
1752657800661 0.8286817669868469 34
1752657800686 0.7974380850791931 35
1752657800710 0.7999895215034485 36
1752657800734 0.7840838432312012 37
1752657800757 0.7443975806236267 38
1752657800781 0.7925556302070618 39
1752657800810 0.7499938607215881 40
1752657800834 0.803991973400116 41
1752657800856 0.7607192993164062 42
1752657800878 0.7947337031364441 43
1752657800898 0.7475132346153259 44
1752657800918 0.7582495212554932 45
1752657800941 0.7183553576469421 46
1752657800962 0.72477787733078 47
1752657800984 0.7411484122276306 48
1752657801003 0.7263739705085754 49
1752657801028 0.7354710698127747 50
1752657801051 0.7125065922737122 51
1752657801071 0.7285443544387817 52
1752657801093 0.7018542289733887 53
1752657801113 0.6906567811965942 54
1752657801142 0.7052227854728699 55
1752657801184 0.6843063235282898 56
1752657801204 0.6291080117225647 57
1752657801225 0.6761149764060974 58
1752657801245 0.6525512337684631 59
1752657801266 0.6423766016960144 60
1752657801287 0.6808385848999023 61
1752657801307 0.653594434261322 62
1752657801328 0.6697741746902466 63
1752657801348 0.6318575143814087 64
1752657801369 0.6411741971969604 65
1752657801388 0.6065775156021118 66
1752657801408 0.5984092950820923 67
1752657801428 0.6151424050331116 68
1752657801450 0.6159093379974365 69
1752657801474 0.5918667316436768 70
1752657801496 0.5933950543403625 71
1752657801518 0.6016555428504944 72
1752657801540 0.5937113165855408 73
1752657801562 0.6013583540916443 74
1752657801584 0.5921319127082825 75
1752657801604 0.5555732250213623 76
1752657801625 0.5365487933158875 77
1752657801645 0.5421056151390076 78
1752657801667 0.5552990436553955 79
1752657801691 0.5590761303901672 80
1752657801712 0.5857513546943665 81
1752657801734 0.536658763885498 82
1752657801756 0.5217297673225403 83
1752657801777 0.5297444462776184 84
1752657801800 0.5196390151977539 85
1752657801824 0.5385841727256775 86
1752657801846 0.5183156132698059 87
1752657801875 0.4866866171360016 88
1752657801896 0.5124408602714539 89
1752657801919 0.49298232793807983 90
1752657801945 0.5088253021240234 91
1752657801970 0.5038890838623047 92
1752657801992 0.44862937927246094 93
1752657802014 0.4730354845523834 94
1752657802047 0.49645286798477173 95
1752657802072 0.4870775640010834 96
1752657802101 0.4716120958328247 97
1752657802124 0.49332839250564575 98
1752657802150 0.4960203468799591 99
1752657802180 0.45501112937927246 100
1752657802204 0.44335639476776123 101
1752657802228 0.4525773823261261 102
1752657802253 0.4579848349094391 103
1752657802279 0.4755059778690338 104
1752657802305 0.4048096537590027 105
1752657802331 0.4505562484264374 106
1752657802355 0.4120596945285797 107
1752657802381 0.41843733191490173 108
1752657802404 0.404937744140625 109
1752657802430 0.44084855914115906 110
1752657802454 0.4156825840473175 111
1752657802478 0.428261399269104 112
1752657802500 0.38052892684936523 113
1752657802523 0.40054750442504883 114
1752657802547 0.3959828317165375 115
1752657802571 0.3669700026512146 116
1752657802595 0.4106735289096832 117
1752657802619 0.39376360177993774 118
1752657802643 0.37082439661026 119
1752657802679 0.38179507851600647 120
1752657802723 0.3872698247432709 121
1752657802751 0.4091179072856903 122
1752657802773 0.38154304027557373 123
1752657802795 0.3858688175678253 124
1752657802818 0.397556334733963 125
1752657802842 0.36057373881340027 126
1752657802864 0.34341439604759216 127
1752657802885 0.3642326891422272 128
1752657802907 0.3573873043060303 129
1752657802930 0.34226128458976746 130
1752657802953 0.35699424147605896 131
1752657802973 0.33283644914627075 132
1752657802995 0.34561124444007874 133
1752657803017 0.352108895778656 134
1752657803036 0.3201211392879486 135
1752657803059 0.3451812267303467 136
1752657803079 0.32456597685813904 137
1752657803100 0.33117467164993286 138
1752657803121 0.33757081627845764 139
1752657803145 0.30495384335517883 140
1752657803170 0.3218636214733124 141
1752657803194 0.32539674639701843 142
1752657803216 0.32742080092430115 143
1752657803238 0.3035646378993988 144
1752657803261 0.3196682035923004 145
1752657803283 0.3328448534011841 146
1752657803303 0.3159750998020172 147
1752657803325 0.30400651693344116 148
1752657803348 0.2982017695903778 149
1752657803368 0.3137844204902649 150
1752657803391 0.281206339597702 151
1752657803413 0.2871960997581482 152
1752657803434 0.30969253182411194 153
1752657803455 0.2612704634666443 154
1752657803475 0.2967977225780487 155
1752657803495 0.2885308563709259 156
1752657803517 0.2681122422218323 157
1752657803538 0.2980287969112396 158
1752657803558 0.2835010588169098 159
1752657803582 0.2834593653678894 160
1752657803604 0.2616952061653137 161
1752657803624 0.27568721771240234 162
1752657803646 0.2783485949039459 163
1752657803667 0.25128766894340515 164
1752657803690 0.25280895829200745 165
1752657803716 0.22293721139431 166
1752657803746 0.2501954734325409 167
1752657803769 0.26017457246780396 168
1752657803927 0.27891266345977783 169
1752657803960 0.26304891705513 170
1752657804006 0.22197869420051575 171
1752657804037 0.21845915913581848 172
1752657804064 0.2365136295557022 173
1752657804089 0.22066277265548706 174
1752657804112 0.25256964564323425 175
1752657804136 0.23301471769809723 176
1752657804160 0.21696540713310242 177
1752657804184 0.2140345424413681 178
1752657804208 0.22730430960655212 179
1752657804231 0.24185946583747864 180
1752657804252 0.23464667797088623 181
1752657804272 0.23116272687911987 182
1752657804292 0.19967332482337952 183
1752657804312 0.21225807070732117 184
1752657804332 0.24921146035194397 185
1752657804354 0.20796915888786316 186
1752657804373 0.22356867790222168 187
1752657804395 0.2182987630367279 188
1752657804417 0.20619212090969086 189
1752657804439 0.20113977789878845 190
1752657804461 0.20052622258663177 191
1752657804484 0.20065151154994965 192
1752657804509 0.17912258207798004 193
1752657804535 0.20052960515022278 194
1752657804558 0.18783749639987946 195
1752657804583 0.20523136854171753 196
1752657804629 0.17394621670246124 197
1752657804696 0.20069144666194916 198
1752657804728 0.19052788615226746 199
