1752742867147 0.6388941407203674 0
1752742867153 0.6271138787269592 1
1752742867159 0.6152712106704712 2
1752742867165 0.6033549904823303 3
1752742867171 0.5913466215133667 4
1752742867177 0.579224169254303 5
1752742867183 0.5669641494750977 6
1752742867188 0.5545428991317749 7
1752742867194 0.5419389605522156 8
1752742867199 0.5291345119476318 9
1752742867205 0.516116201877594 10
1752742867212 0.5028749108314514 11
1752742867219 0.48940640687942505 12
1752742867225 0.4757111370563507 13
1752742867231 0.46179401874542236 14
1752742867236 0.4476638436317444 15
1752742867242 0.43333297967910767 16
1752742867249 0.4188167154788971 17
1752742867254 0.40413254499435425 18
1752742867260 0.3892996609210968 19
1752742867266 0.3743380308151245 20
1752742867274 0.35926809906959534 21
1752742867282 0.3441102206707001 22
1752742867290 0.32888558506965637 23
1752742867298 0.313616007566452 24
1752742867312 0.2983247637748718 25
1752742867323 0.2830374836921692 26
1752742867336 0.26778295636177063 27
1752742867346 0.2525942027568817 28
1752742867362 0.23750951886177063 29
1752742867372 0.22257257997989655 30
1752742867383 0.20783278346061707 31
1752742867393 0.19334450364112854 32
1752742867403 0.17916670441627502 33
1752742867413 0.16536231338977814 34
1752742867425 0.15199775993824005 35
1752742867438 0.13914355635643005 36
1752742867450 0.12687596678733826 37
1752742867463 0.11528033018112183 38
1752742867475 0.10445595532655716 39
1752742867488 0.09452100098133087 40
1752742867501 0.08561314642429352 41
1752742867513 0.07787884771823883 42
1752742867524 0.07144077867269516 43
1752742867533 0.06633739918470383 44
1752742867543 0.06244927644729614 45
1752742867557 0.059467919170856476 46
1752742867567 0.05697492137551308 47
1752742867576 0.054613593965768814 48
1752742867585 0.05223069339990616 49
1752742867596 0.04989517107605934 50
1752742867608 0.04780442267656326 51
1752742867618 0.04688223823904991 52
1752742867628 0.04602492228150368 53
1752742867638 0.045239370316267014 54
1752742867651 0.04451097548007965 55
1752742867660 0.04380929470062256 56
1752742867669 0.04309825226664543 57
1752742867678 0.042347103357315063 58
1752742867685 0.04153890907764435 59
1752742867693 0.04067409411072731 60
1752742867703 0.039769139140844345 61
1752742867710 0.03885183483362198 62
1752742867718 0.037954773753881454 63
1752742867725 0.03710892051458359 64
1752742867733 0.03633815050125122 65
1752742867741 0.03565586358308792 66
1752742867748 0.0350639671087265 67
1752742867757 0.03455429896712303 68
1752742867765 0.03411196544766426 69
1752742867773 0.03371976688504219 70
1752742867782 0.03336235135793686 71
1752742867790 0.03302910551428795 72
1752742867798 0.03271521255373955 73
1752742867807 0.03242088854312897 74
1752742867816 0.03214935585856438 75
1752742867824 0.03190445899963379 76
1752742867832 0.031688522547483444 77
1752742867840 0.03150108829140663 78
1752742867848 0.03133862093091011 79
1752742867856 0.031195176765322685 80
1752742867865 0.031063664704561234 81
1752742867872 0.030937306582927704 82
1752742867880 0.030810918658971786 83
1752742867889 0.030681611970067024 84
1752742867899 0.030614597722887993 85
1752742867907 0.030545081943273544 86
1752742867914 0.030473968014121056 87
1752742867922 0.030402302742004395 88
1752742867929 0.030331086367368698 89
1752742867936 0.030261177569627762 90
1752742867944 0.03022683784365654 91
1752742867955 0.03019288368523121 92
1752742867964 0.030159393325448036 93
1752742867971 0.030126385390758514 94
1752742867978 0.03009386919438839 95
1752742867986 0.030061816796660423 96
1752742867993 0.030045948922634125 97
1752742868001 0.0300301443785429 98
1752742868009 0.03001440316438675 99
1752742868017 0.029998715966939926 100
1752742868025 0.029983069747686386 101
1752742868034 0.02996746636927128 102
1752742868042 0.029959673061966896 103
1752742868050 0.029951879754662514 104
1752742868058 0.029944078996777534 105
1752742868066 0.029936276376247406 106
1752742868074 0.029928477481007576 107
1752742868082 0.0299206729978323 108
1752742868089 0.02991676889359951 109
1752742868097 0.029912862926721573 110
1752742868110 0.02990894764661789 111
1752742868130 0.029905036091804504 112
1752742868138 0.029901115223765373 113
1752742868145 0.029897192493081093 114
1752742868153 0.029895225539803505 115
1752742868160 0.029893258586525917 116
1752742868167 0.02989128604531288 117
1752742868174 0.029889313504099846 118
1752742868182 0.029887335374951363 119
1752742868189 0.02988535910844803 120
1752742868197 0.02988436445593834 121
1752742868204 0.0298833716660738 122
1752742868211 0.02988237515091896 123
1752742868219 0.02988138236105442 124
1752742868226 0.029880383983254433 125
1752742868232 0.029879380017518997 126
1752742868239 0.029878875240683556 127
1752742868246 0.029878372326493263 128
1752742868254 0.02987787127494812 129
1752742868261 0.02987736649811268 130
1752742868270 0.02987685799598694 131
1752742868279 0.029876351356506348 132
1752742868288 0.029876092448830605 133
1752742868294 0.029875829815864563 134
1752742868302 0.029875565320253372 135
1752742868311 0.02987530268728733 136
1752742868319 0.02987504005432129 137
1752742868327 0.0298747718334198 138
1752742868336 0.029874511063098907 139
1752742868343 0.029874244704842567 140
1752742868353 0.029873980209231377 141
1752742868361 0.029873715713620186 142
1752742868370 0.029873445630073547 143
1752742868380 0.02987317554652691 144
1752742868388 0.029872914776206017 145
1752742868396 0.02987263910472393 146
1752742868404 0.02987237274646759 147
1752742868411 0.029872102662920952 148
1752742868418 0.029871834442019463 149
1752742868426 0.029871558770537376 150
1752742868435 0.029871288686990738 151
1752742868443 0.02987101301550865 152
1752742868451 0.029870737344026566 153
1752742868459 0.029870470985770226 154
1752742868467 0.02987018972635269 155
1752742868474 0.029869915917515755 156
1752742868481 0.02986963838338852 157
1752742868489 0.02986936829984188 158
1752742868498 0.029869087040424347 159
1752742868506 0.02986880950629711 160
1752742868515 0.029868531972169876 161
1752742868523 0.02986825816333294 162
1752742868530 0.029867973178625107 163
1752742868537 0.02986769750714302 164
1752742868544 0.02986741252243519 165
1752742868552 0.029867133125662804 166
1752742868560 0.02986684814095497 167
1752742868568 0.029866568744182587 168
1752742868576 0.029866287484765053 169
1752742868584 0.02986600436270237 170
1752742868593 0.02986571565270424 171
1752742868602 0.029865428805351257 172
1752742868608 0.029865147545933723 173
1752742868615 0.02986486256122589 174
1752742868623 0.02986457385122776 175
1752742868630 0.029864290729165077 176
1752742868638 0.029863998293876648 177
1752742868646 0.029863715171813965 178
1752742868653 0.029863424599170685 179
1752742868661 0.029863132163882256 180
1752742868670 0.029862843453884125 181
1752742868677 0.029862554743885994 182
1752742868685 0.029862264171242714 183
1752742868692 0.029861971735954285 184
1752742868698 0.029861681163311005 185
1752742868706 0.029861386865377426 186
1752742868717 0.029861094430088997 187
1752742868726 0.02986079826951027 188
1752742868734 0.02986050769686699 189
1752742868741 0.02986021339893341 190
1752742868752 0.029859913513064384 191
1752742868767 0.029859622940421104 192
1752742868775 0.02985932119190693 193
1752742868787 0.029859023168683052 194
1752742868795 0.029858728870749474 195
1752742868804 0.029858430847525597 196
1752742868812 0.02985813282430172 197
1752742868823 0.029857831075787544 198
1752742868830 0.029857534915208817 199
