1752658798782 0.734635055065155 0
1752658798788 0.7239639163017273 1
1752658798794 0.713295042514801 2
1752658798799 0.7026136517524719 3
1752658798804 0.6918987035751343 4
1752658798810 0.6811267137527466 5
1752658798815 0.6702748537063599 6
1752658798820 0.6593227386474609 7
1752658798825 0.6482503414154053 8
1752658798830 0.6370365619659424 9
1752658798836 0.625659704208374 10
1752658798842 0.6140978932380676 11
1752658798848 0.6023309230804443 12
1752658798854 0.5903401374816895 13
1752658798860 0.5781095623970032 14
1752658798866 0.5656258463859558 15
1752658798871 0.5528783202171326 16
1752658798877 0.5398589372634888 17
1752658798882 0.5265623331069946 18
1752658798888 0.5129864811897278 19
1752658798893 0.49913206696510315 20
1752658798899 0.48500391840934753 21
1752658798904 0.4706103801727295 22
1752658798910 0.455964058637619 23
1752658798916 0.4410818815231323 24
1752658798921 0.4259851276874542 25
1752658798927 0.4106995165348053 26
1752658798932 0.39525511860847473 27
1752658798937 0.3796860873699188 28
1752658798943 0.36403053998947144 29
1752658798948 0.3483300507068634 30
1752658798954 0.3326292037963867 31
1752658798960 0.31697532534599304 32
1752658798965 0.30141788721084595 33
1752658798971 0.2860080301761627 34
1752658798976 0.27079805731773376 35
1752658798982 0.2558407485485077 36
1752658798988 0.2411891371011734 37
1752658798993 0.22689557075500488 38
1752658798998 0.21301138401031494 39
1752658799004 0.1995859146118164 40
1752658799010 0.18666602671146393 41
1752658799016 0.1742948740720749 42
1752658799022 0.16251128911972046 43
1752658799027 0.1513483077287674 44
1752658799033 0.14083240926265717 45
1752658799041 0.1309821903705597 46
1752658799049 0.12180778384208679 47
1752658799057 0.11331020295619965 48
1752658799065 0.10548142343759537 49
1752658799077 0.0983046293258667 50
1752658799086 0.09175524115562439 51
1752658799096 0.08580208569765091 52
1752658799105 0.08040904998779297 53
1752658799112 0.07553663849830627 54
1752658799121 0.07114334404468536 55
1752658799129 0.06718651205301285 56
1752658799137 0.06608142703771591 57
1752658799147 0.06501299142837524 58
1752658799154 0.06397618353366852 59
1752658799161 0.0629669576883316 60
1752658799167 0.06198202818632126 61
1752658799173 0.061018820852041245 62
1752658799180 0.06073435768485069 63
1752658799188 0.06045258417725563 64
1752658799195 0.06017333269119263 65
1752658799201 0.05989645794034004 66
1752658799207 0.05962185934185982 67
1752658799213 0.05934944003820419 68
1752658799219 0.059268273413181305 69
1752658799225 0.05918753892183304 70
1752658799231 0.059107229113578796 71
1752658799237 0.05902731791138649 72
1752658799243 0.058947768062353134 73
1752658799250 0.05886857956647873 74
1752658799257 0.0588449165225029 75
1752658799263 0.05882132425904274 76
1752658799269 0.05879781395196915 77
1752658799276 0.058774370700120926 78
1752658799282 0.05875098332762718 79
1752658799288 0.058727655559778214 80
1752658799295 0.058720674365758896 81
1752658799301 0.058713700622320175 82
1752658799308 0.05870673805475235 83
1752658799314 0.05869979411363602 84
1752658799320 0.058692846447229385 85
1752658799326 0.05868591368198395 86
1752658799332 0.05868305638432503 87
1752658799338 0.0586802177131176 88
1752658799343 0.058677367866039276 89
1752658799350 0.058674514293670654 90
1752658799357 0.058671679347753525 91
1752658799365 0.0586688257753849 92
1752658799372 0.05866599082946777 93
1752658799379 0.058663152158260345 94
1752658799387 0.058660317212343216 95
1752658799395 0.05865746736526489 96
1752658799403 0.058654624968767166 97
1752658799411 0.05865177512168884 98
1752658799419 0.05864894017577171 99
1752658799427 0.05864609777927399 100
1752658799436 0.05864325165748596 101
1752658799445 0.05864040553569794 102
1752658799453 0.05863755941390991 103
1752658799461 0.05863470956683159 104
1752658799469 0.058631863445043564 105
1752658799478 0.058629002422094345 106
1752658799488 0.05862616002559662 107
1752658799496 0.058623310178518295 108
1752658799504 0.05862044915556908 109
1752658799515 0.058617595583200455 110
1752658799524 0.05861474201083183 111
1752658799535 0.058611880987882614 112
1752658799544 0.058609019964933395 113
1752658799552 0.05860615894198418 114
1752658799561 0.05860329046845436 115
1752658799570 0.058600421994924545 116
1752658799578 0.05859755352139473 117
1752658799586 0.05859467759728432 118
1752658799594 0.058591801673173904 119
1752658799602 0.05858893319964409 120
1752658799612 0.05858604609966278 121
1752658799620 0.05858317390084267 122
1752658799628 0.05858028680086136 123
1752658799635 0.05857740342617035 124
1752658799643 0.05857452377676964 125
1752658799651 0.05857163667678833 126
1752658799659 0.058568742126226425 127
1752658799667 0.05856585130095482 128
1752658799675 0.058562956750392914 129
1752658799683 0.05856006592512131 130
1752658799692 0.05855716019868851 131
1752658799700 0.058554258197546005 132
1752658799708 0.058551352471113205 133
1752658799715 0.0585484504699707 134
1752658799722 0.0585455484688282 135
1752658799729 0.0585426427423954 136
1752658799737 0.058539729565382004 137
1752658799745 0.05853680893778801 138
1752658799753 0.058533892035484314 139
1752658799761 0.05853097140789032 140
1752658799770 0.05852805823087692 141
1752658799779 0.05852512642741203 142
1752658799786 0.05852220952510834 143
1752658799793 0.05851928889751434 144
1752658799801 0.058516353368759155 145
1752658799810 0.05851341784000397 146
1752658799817 0.058510489761829376 147
1752658799825 0.05850755423307419 148
1752658799832 0.0585046149790287 149
1752658799838 0.058501679450273514 150
1752658799846 0.05849873274564743 151
1752658799853 0.05849578604102135 152
1752658799860 0.058492839336395264 153
1752658799867 0.05848989635705948 154
1752658799874 0.0584869422018528 155
1752658799881 0.05848399177193642 156
1752658799888 0.058481037616729736 157
1752658799895 0.05847807973623276 158
1752658799903 0.05847511813044548 159
1752658799911 0.0584721565246582 160
1752658799920 0.058469194918870926 161
1752658799928 0.05846622213721275 162
1752658799936 0.058463260531425476 163
1752658799946 0.0584602877497673 164
1752658799954 0.05845732241868973 165
1752658799961 0.05845434218645096 166
1752658799969 0.05845136567950249 167
1752658799976 0.058448389172554016 168
1752658799984 0.058445412665605545 169
1752658799992 0.05844242125749588 170
1752658800000 0.05843944102525711 171
1752658800011 0.05843645706772804 172
1752658800021 0.058433469384908676 173
1752658800030 0.058430470526218414 174
1752658800039 0.05842748284339905 175
1752658800049 0.058424483984708786 176
1752658800058 0.05842149630188942 177
1752658800066 0.05841848999261856 178
1752658800074 0.058415487408638 179
1752658800082 0.05841248482465744 180
1752658800091 0.05840947851538658 181
1752658800099 0.058406468480825424 182
1752658800107 0.05840345844626427 183
1752658800115 0.05840045213699341 184
1752658800123 0.05839744210243225 185
1752658800131 0.058394428342580795 186
1752658800138 0.058391399681568146 187
1752658800145 0.05838838219642639 188
1752658800152 0.05838536098599434 189
1752658800160 0.05838234722614288 190
1752658800167 0.05837932229042053 191
1752658800174 0.058376289904117584 192
1752658800182 0.05837327241897583 193
1752658800188 0.05837022885680199 194
1752658800195 0.058367203921079636 195
1752658800203 0.05836416408419609 196
1752658800210 0.05836113169789314 197
1752658800218 0.058358095586299896 198
1752658800226 0.05835505574941635 199
