1752742481703 0.7408574223518372 0
1752742481712 0.7250435948371887 1
1752742481722 0.7096380591392517 2
1752742481729 0.6945986747741699 3
1752742481736 0.6798728704452515 4
1752742481744 0.6654052734375 5
1752742481755 0.6511421799659729 6
1752742481766 0.6370320916175842 7
1752742481792 0.6230279207229614 8
1752742481833 0.6090882420539856 9
1752742481866 0.5951764583587646 10
1752742481903 0.5812597274780273 11
1752742481921 0.5673084855079651 12
1752742481941 0.553295373916626 13
1752742481958 0.5391957759857178 14
1752742481976 0.5249872207641602 15
1752742481989 0.5106496810913086 16
1752742482017 0.49616575241088867 17
1752742482032 0.4815206229686737 18
1752742482048 0.46670201420783997 19
1752742482070 0.4517003297805786 20
1752742482087 0.4365088939666748 21
1752742482102 0.42112359404563904 22
1752742482127 0.4055432677268982 23
1752742482140 0.3897692859172821 24
1752742482152 0.3738062083721161 25
1752742482165 0.3576613664627075 26
1752742482177 0.34134525060653687 27
1752742482192 0.3248717784881592 28
1752742482205 0.30825868248939514 29
1752742482220 0.2915279269218445 30
1752742482240 0.27470698952674866 31
1752742482250 0.2578296661376953 32
1752742482261 0.24093814194202423 33
1752742482271 0.22408536076545715 34
1752742482288 0.20733807981014252 35
1752742482301 0.19078105688095093 36
1752742482314 0.1745215803384781 37
1752742482326 0.15869444608688354 38
1752742482338 0.14346621930599213 39
1752742482349 0.12903687357902527 40
1752742482362 0.11563537269830704 41
1752742482374 0.10350392758846283 42
1752742482387 0.09286540001630783 43
1752742482399 0.08387227356433868 44
1752742482410 0.07654804736375809 45
1752742482421 0.07074730098247528 46
1752742482433 0.06616858392953873 47
1752742482446 0.062434546649456024 48
1752742482457 0.059210341423749924 49
1752742482468 0.056298669427633286 50
1752742482480 0.053663868457078934 51
1752742482491 0.051381174474954605 52
1752742482501 0.049541622400283813 53
1752742482514 0.04815558344125748 54
1752742482525 0.04709983989596367 55
1752742482538 0.04614344611763954 56
1752742482552 0.04504577815532684 57
1752742482563 0.04366139695048332 58
1752742482573 0.04198598489165306 59
1752742482585 0.04013413190841675 60
1752742482597 0.038279853761196136 61
1752742482606 0.036592599004507065 62
1752742482616 0.03518903627991676 63
1752742482625 0.034110862761735916 64
1752742482635 0.03333026170730591 65
1752742482644 0.032776836305856705 66
1752742482653 0.03237203508615494 67
1752742482668 0.03205610811710358 68
1752742482680 0.03179863467812538 69
1752742482689 0.031593501567840576 70
1752742482698 0.031445566564798355 71
1752742482713 0.03135710209608078 72
1752742482725 0.03131967782974243 73
1752742482735 0.031312908977270126 74
1752742482744 0.03130902722477913 75
1752742482756 0.0312802791595459 76
1752742482769 0.031240934506058693 77
1752742482781 0.03117239475250244 78
1752742482792 0.03107723966240883 79
1752742482807 0.03096039779484272 80
1752742482822 0.03082825429737568 81
1752742482834 0.030687708407640457 82
1752742482847 0.03054533526301384 83
1752742482861 0.030406655743718147 84
1752742482873 0.030275695025920868 85
1752742482887 0.030154773965477943 86
1752742482904 0.030044622719287872 87
1752742482916 0.029944628477096558 88
1752742482931 0.02985333278775215 89
1752742482945 0.02976885810494423 90
1752742482958 0.02968941070139408 91
1752742482972 0.02961353212594986 92
1752742482986 0.02954033948481083 93
1752742482996 0.029469452798366547 94
1752742483009 0.029400937259197235 95
1752742483019 0.029335040599107742 96
1752742483028 0.029272058978676796 97
1752742483037 0.02921210415661335 98
1752742483045 0.02915504015982151 99
1752742483055 0.029100457206368446 100
1752742483064 0.029047757387161255 101
1752742483074 0.028996247798204422 102
1752742483084 0.028945287689566612 103
1752742483092 0.028894372284412384 104
1752742483103 0.028843233361840248 105
1752742483112 0.028791828081011772 106
1752742483121 0.028740353882312775 107
1752742483130 0.028689129278063774 108
1752742483138 0.028638552874326706 109
1752742483147 0.028588997200131416 110
1752742483156 0.028540730476379395 111
1752742483165 0.02849389798939228 112
1752742483174 0.02844850718975067 113
1752742483183 0.028404444456100464 114
1752742483191 0.028361495584249496 115
1752742483200 0.02831941656768322 116
1752742483209 0.028277967125177383 117
1752742483217 0.02823694236576557 118
1752742483225 0.02819620817899704 119
1752742483237 0.02815566584467888 120
1752742483246 0.02811530977487564 121
1752742483254 0.028075119480490685 122
1752742483262 0.02803514525294304 123
1752742483269 0.027995385229587555 124
1752742483277 0.027955856174230576 125
1752742483285 0.027916545048356056 126
1752742483292 0.02787742018699646 127
1752742483300 0.0278384517878294 128
1752742483308 0.027799613773822784 129
1752742483316 0.027760876342654228 130
1752742483324 0.02772223763167858 131
1752742483331 0.02768370509147644 132
1752742483339 0.027645304799079895 133
1752742483347 0.027607059106230736 134
1752742483354 0.027569003403186798 135
1752742483362 0.027531154453754425 136
1752742483369 0.02749352902173996 137
1752742483379 0.02745613269507885 138
1752742483390 0.027418939396739006 139
1752742483401 0.027381934225559235 140
1752742483410 0.02736349031329155 141
1752742483422 0.0273450780659914 142
1752742483436 0.027326684445142746 143
1752742483446 0.027308302000164986 144
1752742483455 0.027289941906929016 145
1752742483463 0.027271589264273643 146
1752742483471 0.02726241573691368 147
1752742483480 0.027253232896327972 148
1752742483489 0.027244053781032562 149
1752742483497 0.027234867215156555 150
1752742483505 0.027225680649280548 151
1752742483513 0.027216486632823944 152
1752742483528 0.027211884036660194 153
1752742483540 0.027207279577851295 154
1752742483550 0.0272026639431715 155
1752742483559 0.02719804458320141 156
1752742483567 0.027193428948521614 157
1752742483576 0.027188796550035477 158
1752742483586 0.027186479419469833 159
1752742483594 0.027184152975678444 160
1752742483601 0.027181832119822502 161
1752742483609 0.027179498225450516 162
1752742483618 0.02717716433107853 163
1752742483626 0.027174822986125946 164
1752742483635 0.027173655107617378 165
1752742483643 0.027172479778528214 166
1752742483652 0.0271712988615036 167
1752742483660 0.027170123532414436 168
1752742483669 0.027168940752744675 169
1752742483678 0.027167754247784615 170
1752742483686 0.02716716378927231 171
1752742483696 0.027166571468114853 172
1752742483707 0.02716596983373165 173
1752742483718 0.027165375649929047 174
1752742483727 0.027164777740836143 175
1752742483737 0.027164176106452942 176
1752742483749 0.027163876220583916 177
1752742483761 0.02716357447206974 178
1752742483772 0.027163268998265266 179
1752742483785 0.02716296724975109 180
1752742483793 0.027162663638591766 181
1752742483802 0.02716236375272274 182
1752742483811 0.027162207290530205 183
1752742483819 0.027162058278918266 184
1752742483827 0.02716189995408058 185
1752742483835 0.027161749079823494 186
1752742483844 0.027161596342921257 187
1752742483852 0.02716144174337387 188
1752742483860 0.027161361649632454 189
1752742483869 0.027161285281181335 190
1752742483878 0.027161207050085068 191
1752742483886 0.027161121368408203 192
1752742483894 0.027161041274666786 193
1752742483903 0.02716095745563507 194
1752742483911 0.027160881087183952 195
1752742483919 0.027160800993442535 196
1752742483927 0.02716071531176567 197
1752742483935 0.02716064266860485 198
1752742483943 0.027160558849573135 199
