1752741627409 0.7613455057144165 0
1752741627416 0.7493683695793152 1
1752741627427 0.7376096844673157 2
1752741627433 0.7260264158248901 3
1752741627438 0.714587390422821 4
1752741627445 0.7032589316368103 5
1752741627452 0.6920103430747986 6
1752741627458 0.680812656879425 7
1752741627464 0.6696383953094482 8
1752741627470 0.6584615111351013 9
1752741627475 0.6472582221031189 10
1752741627480 0.6360068917274475 11
1752741627485 0.6246876120567322 12
1752741627490 0.6132821440696716 13
1752741627496 0.6017735004425049 14
1752741627503 0.5901463031768799 15
1752741627508 0.5783869028091431 16
1752741627513 0.5664834976196289 17
1752741627518 0.5544260144233704 18
1752741627523 0.5422066450119019 19
1752741627528 0.5298193097114563 20
1752741627535 0.5172601342201233 21
1752741627541 0.5045272707939148 22
1752741627553 0.491621196269989 23
1752741627567 0.4785447120666504 24
1752741627579 0.46530261635780334 25
1752741627588 0.45190227031707764 26
1752741627598 0.43835288286209106 27
1752741627605 0.4246663451194763 28
1752741627616 0.4108565151691437 29
1752741627623 0.39693984389305115 30
1752741627633 0.38293516635894775 31
1752741627640 0.36886364221572876 32
1752741627652 0.3547489047050476 33
1752741627660 0.34061694145202637 34
1752741627670 0.32649609446525574 35
1752741627684 0.31241676211357117 36
1752741627695 0.2984118163585663 37
1752741627703 0.2845160663127899 38
1752741627713 0.27076640725135803 39
1752741627721 0.2572014629840851 40
1752741627728 0.2438613474369049 41
1752741627736 0.23078711330890656 42
1752741627745 0.21802005171775818 43
1752741627757 0.20560108125209808 44
1752741627768 0.19356968998908997 45
1752741627774 0.18196310102939606 46
1752741627780 0.1708150953054428 47
1752741627785 0.16015522181987762 48
1752741627790 0.15000776946544647 49
1752741627795 0.14039096236228943 50
1752741627800 0.13131646811962128 51
1752741627806 0.12278927862644196 52
1752741627814 0.11480788141489029 53
1752741627821 0.1073652058839798 54
1752741627827 0.10044971853494644 55
1752741627833 0.09404697269201279 56
1752741627838 0.0881410613656044 57
1752741627843 0.08271566778421402 58
1752741627848 0.07775421440601349 59
1752741627853 0.07323863357305527 60
1752741627858 0.07196945697069168 61
1752741627863 0.07073676586151123 62
1752741627868 0.06953608989715576 63
1752741627873 0.06836378574371338 64
1752741627883 0.0672169178724289 65
1752741627888 0.06609319150447845 66
1752741627893 0.06576069444417953 67
1752741627898 0.06543070077896118 68
1752741627904 0.06510308384895325 69
1752741627909 0.06477779895067215 70
1752741627915 0.06445477157831192 71
1752741627920 0.06413400173187256 72
1752741627925 0.06403832882642746 73
1752741627932 0.06394309550523758 74
1752741627937 0.06384827941656113 75
1752741627942 0.0637538731098175 76
1752741627948 0.06365984678268433 77
1752741627954 0.06356620043516159 78
1752741627959 0.06353820860385895 79
1752741627964 0.06351029872894287 80
1752741627969 0.06348246335983276 81
1752741627974 0.06345470994710922 82
1752741627979 0.06342701613903046 83
1752741627985 0.06339938193559647 84
1752741627991 0.06339111179113388 85
1752741627997 0.06338284909725189 86
1752741628002 0.0633746013045311 87
1752741628008 0.0633663684129715 88
1752741628014 0.06335815042257309 89
1752741628021 0.06334993243217468 90
1752741628027 0.06334655731916428 91
1752741628034 0.06334318220615387 92
1752741628041 0.06333981454372406 93
1752741628049 0.06333644688129425 94
1752741628057 0.06333307921886444 95
1752741628063 0.06332970410585403 96
1752741628071 0.06332635134458542 97
1752741628078 0.06332298368215561 98
1752741628085 0.0633196234703064 99
1752741628091 0.06331627070903778 100
1752741628098 0.06331290304660797 101
1752741628104 0.06330954283475876 102
1752741628110 0.06330617517232895 103
1752741628116 0.06330281496047974 104
1752741628143 0.06329945474863052 105
1752741628169 0.06329609453678131 106
1752741628179 0.0632927343249321 107
1752741628188 0.06328937411308289 108
1752741628195 0.06328600645065308 109
1752741628203 0.06328265368938446 110
1752741628209 0.06327928602695465 111
1752741628216 0.06327591836452484 112
1752741628222 0.06327255070209503 113
1752741628229 0.06326919049024582 114
1752741628236 0.06326582282781601 115
1752741628253 0.0632624551653862 116
1752741628264 0.0632590800523758 117
1752741628293 0.06325570493936539 118
1752741628303 0.06325232982635498 119
1752741628330 0.06324895471334457 120
1752741628342 0.06324557960033417 121
1752741628357 0.06324220448732376 122
1752741628368 0.06323882937431335 123
1752741628382 0.06323543936014175 124
1752741628394 0.06323206424713135 125
1752741628409 0.06322868913412094 126
1752741628424 0.06322529911994934 127
1752741628438 0.06322190910577774 128
1752741628451 0.06321852654218674 129
1752741628468 0.06321513652801514 130
1752741628483 0.06321174651384354 131
1752741628497 0.06320835649967194 132
1752741628511 0.06320495903491974 133
1752741628525 0.06320156157016754 134
1752741628540 0.06319815665483475 135
1752741628559 0.06319476664066315 136
1752741628574 0.06319136172533035 137
1752741628588 0.06318795680999756 138
1752741628598 0.06318455189466476 139
1752741628608 0.06318114697933197 140
1752741628618 0.06317773461341858 141
1752741628633 0.06317432969808578 142
1752741628643 0.0631709173321724 143
1752741628653 0.063167504966259 144
1752741628663 0.06316409260034561 145
1752741628675 0.06316067278385162 146
1752741628684 0.06315725296735764 147
1752741628693 0.06315382570028305 148
1752741628706 0.06315040588378906 149
1752741628715 0.06314697116613388 150
1752741628723 0.06314355134963989 151
1752741628731 0.06314012408256531 152
1752741628739 0.06313669681549072 153
1752741628747 0.06313326209783554 154
1752741628754 0.06312983483076096 155
1752741628762 0.06312640011310577 156
1752741628769 0.06312295794487 157
1752741628777 0.06311951577663422 158
1752741628785 0.06311608105897903 159
1752741628793 0.06311263889074326 160
1752741628800 0.06310919672250748 161
1752741628807 0.0631057545542717 162
1752741628816 0.06310229748487473 163
1752741628824 0.06309884786605835 164
1752741628832 0.06309539824724197 165
1752741628839 0.0630919486284256 166
1752741628846 0.06308848410844803 167
1752741628854 0.06308503448963165 168
1752741628860 0.06308157742023468 169
1752741628867 0.06307812035083771 170
1752741628874 0.06307465583086014 171
1752741628882 0.06307119131088257 172
1752741628889 0.0630677193403244 173
1752741628896 0.06306425482034683 174
1752741628903 0.06306079030036926 175
1752741628910 0.0630573183298111 176
1752741628918 0.06305383890867233 177
1752741628925 0.06305037438869476 178
1752741628932 0.063046894967556 179
1752741628938 0.06304342299699783 180
1752741628945 0.06303995102643967 181
1752741628953 0.0630364641547203 182
1752741628961 0.06303298473358154 183
1752741628968 0.06302949786186218 184
1752741628979 0.06302601844072342 185
1752741628987 0.06302253156900406 186
1752741628994 0.0630190297961235 187
1752741629002 0.06301554292440414 188
1752741629009 0.06301205605268478 189
1752741629016 0.06300855427980423 190
1752741629024 0.06300506740808487 191
1752741629031 0.06300156563520432 192
1752741629040 0.06299806386232376 193
1752741629048 0.0629945695400238 194
1752741629055 0.06299106031656265 195
1752741629063 0.0629875585436821 196
1752741629070 0.06298405677080154 197
1752741629077 0.0629805475473404 198
1752741629085 0.06297703087329865 199
