1752655118827 0.5708457827568054 0
1752655118858 0.519001305103302 1
1752655118886 0.5111823081970215 2
1752655118915 0.5034701824188232 3
1752655118946 0.48584723472595215 4
1752655118973 0.47607749700546265 5
1752655119002 0.4779263436794281 6
1752655119034 0.45192962884902954 7
1752655119068 0.4429383873939514 8
1752655119107 0.4184834361076355 9
1752655119164 0.3658202588558197 10
1752655119209 0.3291003108024597 11
1752655119251 0.3005712032318115 12
1752655119287 0.2456609457731247 13
1752655119322 0.19422012567520142 14
1752655119357 0.14291149377822876 15
1752655119390 0.08769427984952927 16
1752655119421 0.08555309474468231 17
1752655119452 0.10146114975214005 18
1752655119483 0.14431126415729523 19
1752655119516 0.10918883979320526 20
1752655119550 0.09688568860292435 21
1752655119585 0.09200677275657654 22
1752655119617 0.0929068922996521 23
1752655119648 0.1064588725566864 24
1752655119684 0.0928642749786377 25
1752655119724 0.08194983005523682 26
1752655119758 0.061428554356098175 27
1752655119792 0.04684150964021683 28
1752655119827 0.06307908892631531 29
1752655119861 0.05866162106394768 30
1752655119895 0.04872908815741539 31
1752655119962 0.04640491306781769 32
1752655119993 0.04285486787557602 33
1752655120028 0.05613503232598305 34
1752655120065 0.04413382336497307 35
1752655120101 0.046448756009340286 36
1752655120137 0.0509599968791008 37
1752655120171 0.04948590695858002 38
1752655120205 0.03568879887461662 39
1752655120243 0.051997069269418716 40
1752655120277 0.06633273512125015 41
1752655120312 0.06422565877437592 42
1752655120345 0.03707541897892952 43
1752655120380 0.037326302379369736 44
1752655120412 0.04087035730481148 45
1752655120446 0.03234947845339775 46
1752655120477 0.03836427628993988 47
1752655120510 0.031728219240903854 48
1752655120547 0.03278961405158043 49
1752655120582 0.03541151061654091 50
1752655120621 0.03382546454668045 51
1752655120655 0.03013705648481846 52
1752655120689 0.03729034215211868 53
1752655120731 0.036999527364969254 54
1752655120764 0.03190457075834274 55
1752655120798 0.03428494557738304 56
1752655120832 0.03055187128484249 57
1752655120865 0.030758393928408623 58
1752655120898 0.0337519608438015 59
1752655120936 0.03079925663769245 60
1752655120975 0.028426991775631905 61
1752655121010 0.02870667353272438 62
1752655121044 0.03089105524122715 63
1752655121075 0.02974189817905426 64
1752655121108 0.030324522405862808 65
1752655121140 0.031222190707921982 66
1752655121169 0.02431389130651951 67
1752655121230 0.026440978050231934 68
1752655121267 0.024423129856586456 69
1752655121301 0.025003181770443916 70
1752655121334 0.02773691713809967 71
1752655121366 0.02422933094203472 72
1752655121401 0.0241444930434227 73
1752655121437 0.0229672621935606 74
1752655121472 0.027272844687104225 75
1752655121508 0.045025892555713654 76
1752655121546 0.08598930388689041 77
1752655121583 0.07458958029747009 78
1752655121616 0.04061226546764374 79
1752655121651 0.041406504809856415 80
1752655121684 0.03136640787124634 81
1752655121719 0.054335031658411026 82
1752655121754 0.034704264253377914 83
1752655121788 0.04483329504728317 84
1752655121823 0.03289349377155304 85
1752655121856 0.03350433334708214 86
1752655121890 0.030000468716025352 87
1752655121924 0.031835462898015976 88
1752655121956 0.028940744698047638 89
1752655121991 0.03213493525981903 90
1752655122022 0.028064046055078506 91
1752655122056 0.025286775082349777 92
1752655122089 0.02560059167444706 93
1752655122124 0.027803665027022362 94
1752655122158 0.026165293529629707 95
1752655122191 0.025771869346499443 96
1752655122223 0.023880118504166603 97
1752655122254 0.02302521839737892 98
1752655122287 0.024229465052485466 99
1752655122321 0.024078091606497765 100
1752655122353 0.02612880803644657 101
1752655122384 0.023778799921274185 102
1752655122419 0.023083597421646118 103
1752655122451 0.021308260038495064 104
1752655122484 0.01982993632555008 105
1752655122517 0.020731186494231224 106
1752655122551 0.023686513304710388 107
1752655122586 0.0205928236246109 108
1752655122620 0.024878378957509995 109
1752655122653 0.020690497010946274 110
1752655122686 0.023976707831025124 111
1752655122719 0.022167475894093513 112
1752655122753 0.0245079193264246 113
1752655122786 0.02188142202794552 114
1752655122822 0.0227816104888916 115
1752655122856 0.020238231867551804 116
1752655122890 0.021714983507990837 117
1752655122925 0.02092726342380047 118
1752655122957 0.021590452641248703 119
1752655122990 0.019329803064465523 120
1752655123024 0.02154645323753357 121
1752655123056 0.02344510518014431 122
1752655123090 0.019476281479001045 123
1752655123122 0.020922502502799034 124
1752655123153 0.02393229864537716 125
1752655123188 0.019549816846847534 126
1752655123220 0.02069205790758133 127
1752655123250 0.02218439243733883 128
1752655123290 0.02005549520254135 129
1752655123334 0.020840836688876152 130
1752655123368 0.02731979824602604 131
1752655123402 0.019696518778800964 132
1752655123437 0.02347046136856079 133
1752655123470 0.022008556872606277 134
1752655123503 0.0228643286973238 135
1752655123535 0.019880574196577072 136
1752655123568 0.019831746816635132 137
1752655123599 0.019016649574041367 138
1752655123630 0.021707653999328613 139
1752655123664 0.0197366401553154 140
1752655123697 0.02195001393556595 141
1752655123730 0.01840715855360031 142
1752655123775 0.022315064445137978 143
1752655123810 0.01981392875313759 144
1752655123849 0.01917312666773796 145
1752655123889 0.01845642551779747 146
1752655123922 0.018698187544941902 147
1752655123963 0.021084465086460114 148
1752655124001 0.021997129544615746 149
1752655124037 0.021315693855285645 150
1752655124076 0.021138668060302734 151
1752655124116 0.018269015476107597 152
1752655124163 0.02031589299440384 153
1752655124198 0.018183257430791855 154
1752655124230 0.01719515211880207 155
1752655124263 0.020251134410500526 156
1752655124294 0.02229544334113598 157
1752655124326 0.019573617726564407 158
1752655124361 0.020069245249032974 159
1752655124394 0.018222182989120483 160
1752655124428 0.017485057935118675 161
1752655124461 0.019886750727891922 162
1752655124494 0.020551064983010292 163
1752655124526 0.021505167707800865 164
1752655124559 0.01898939348757267 165
1752655124591 0.020153764635324478 166
1752655124624 0.017614055424928665 167
1752655124656 0.017532315105199814 168
1752655124689 0.020265378057956696 169
1752655124724 0.0193580724298954 170
1752655124756 0.0191538967192173 171
1752655124788 0.02005190961062908 172
1752655124819 0.02018503099679947 173
1752655124851 0.019926656037569046 174
1752655124883 0.01819044165313244 175
1752655124916 0.018985334783792496 176
1752655124948 0.020927852019667625 177
1752655124978 0.018836839124560356 178
1752655125010 0.017556067556142807 179
1752655125044 0.02155325375497341 180
1752655125077 0.019483081996440887 181
1752655125121 0.018253188580274582 182
1752655125165 0.01797310821712017 183
1752655125200 0.02012886106967926 184
1752655125236 0.019966745749115944 185
1752655125268 0.023895764723420143 186
1752655125301 0.021132009103894234 187
1752655125334 0.01732478477060795 188
1752655125366 0.018128110095858574 189
1752655125403 0.01951272413134575 190
1752655125438 0.020844554528594017 191
1752655125472 0.018357491120696068 192
1752655125504 0.01846151240170002 193
1752655125537 0.020495830103754997 194
1752655125571 0.018620526418089867 195
1752655125603 0.020458655431866646 196
1752655125636 0.018449552357196808 197
1752655125669 0.02016710862517357 198
1752655125700 0.020022595301270485 199
